Clusters
[[1, 1], [0.9013878188659973], [0]]
[[1, 2], [0.9013878188659973], [0]]
[[2, 2], [0.9013878188659973], [0]]
[[1, 1], [0.5], [0]]
[[1, 2], [0.5], [0]]
[[2, 2], [0.5], [0]]
[[1, 1], [1.0307764064044151], [0]]
[[1, 2], [1.0307764064044151], [0]]
[[2, 2], [1.0307764064044151], [0]]
[[1, 1], [0.75], [0]]
[[1, 2], [0.75], [0]]
[[2, 2], [0.75], [0]]
[[1, 1], [0.7071067811865476], [0]]
[[1, 2], [0.7071067811865476], [0]]
[[2, 2], [0.7071067811865476], [0]]
[[1, 1], [0.5], [1]]
[[1, 1], [0.7071067811865476], [1]]
[[1, 1], [0.75], [1]]
[[1, 1], [0.9013878188659973], [1]]
[[1, 1], [1.0307764064044151], [1]]
[[1, 1, 2], [0.5, 0.7071067811865476, 0.5], [1]]
[[1, 1, 2], [0.7071067811865476, 0.5, 0.5], [1]]
[[1, 1, 2], [0.5, 0.75, 0.9013878188659973], [1]]
[[1, 1, 2], [0.75, 0.5, 0.9013878188659973], [1]]
[[1, 1, 2], [0.9013878188659973, 0.75, 0.5], [1]]
[[1, 1, 2], [0.9013878188659973, 0.9013878188659973, 0.7071067811865476], [1]]
[[1, 1, 2], [0.7071067811865476, 0.9013878188659973, 0.9013878188659973], [1]]
[[1, 1, 2], [0.9013878188659973, 0.5, 1.0307764064044151], [1]]
[[1, 1, 2], [1.0307764064044151, 0.9013878188659973, 0.5], [1]]
[[1, 1, 2], [0.5, 1.0307764064044151, 0.9013878188659973], [1]]
[[1, 1, 2], [1.0307764064044151, 0.7071067811865476, 0.75], [1]]
[[1, 1, 2], [0.75, 1.0307764064044151, 0.7071067811865476], [1]]
[[1, 1, 2], [0.7071067811865476, 0.75, 1.0307764064044151], [1]]
[[1, 1, 1], [0.5, 0.7071067811865476, 0.5], [1]]
[[1, 1, 1], [0.7071067811865476, 0.5, 0.5], [1]]
[[1, 1, 1], [0.5, 0.75, 0.9013878188659973], [1]]
[[1, 1, 1], [0.75, 0.5, 0.9013878188659973], [1]]
[[1, 1, 1], [0.9013878188659973, 0.75, 0.5], [1]]
[[1, 1, 1], [0.9013878188659973, 0.9013878188659973, 0.7071067811865476], [1]]
[[1, 1, 1], [0.7071067811865476, 0.9013878188659973, 0.9013878188659973], [1]]
[[1, 1, 1], [0.9013878188659973, 0.5, 1.0307764064044151], [1]]
[[1, 1, 1], [1.0307764064044151, 0.9013878188659973, 0.5], [1]]
[[1, 1, 1], [0.5, 1.0307764064044151, 0.9013878188659973], [1]]
[[1, 1, 1], [1.0307764064044151, 0.7071067811865476, 0.75], [1]]
[[1, 1, 1], [0.75, 1.0307764064044151, 0.7071067811865476], [1]]
[[1, 1, 1], [0.7071067811865476, 0.75, 1.0307764064044151], [1]]
[[1, 1, 1], [0.9013878188659973, 0.5, 0.75], [0]]
[[1, 1, 2], [0.9013878188659973, 0.5, 0.75], [0]]
[[1, 2, 1], [0.9013878188659973, 0.5, 0.75], [0]]
[[1, 2, 2], [0.9013878188659973, 0.5, 0.75], [0]]
[[2, 1, 1], [0.9013878188659973, 0.5, 0.75], [0]]
[[2, 1, 2], [0.9013878188659973, 0.5, 0.75], [0]]
[[2, 2, 1], [0.9013878188659973, 0.5, 0.75], [0]]
[[2, 2, 2], [0.9013878188659973, 0.5, 0.75], [0]]
[[1, 1, 1], [0.9013878188659973, 0.9013878188659973, 0.7071067811865476], [0]]
[[1, 1, 2], [0.9013878188659973, 0.9013878188659973, 0.7071067811865476], [0]]
[[1, 2, 1], [0.9013878188659973, 0.9013878188659973, 0.7071067811865476], [0]]
[[1, 2, 2], [0.9013878188659973, 0.9013878188659973, 0.7071067811865476], [0]]
[[2, 1, 2], [0.9013878188659973, 0.9013878188659973, 0.7071067811865476], [0]]
[[2, 2, 2], [0.9013878188659973, 0.9013878188659973, 0.7071067811865476], [0]]
[[2, 1, 1], [0.9013878188659973, 0.9013878188659973, 0.7071067811865476], [0]]
[[1, 1, 1], [0.5, 0.5, 0.7071067811865476], [0]]
[[1, 1, 2], [0.5, 0.5, 0.7071067811865476], [0]]
[[1, 2, 1], [0.5, 0.5, 0.7071067811865476], [0]]
[[1, 2, 2], [0.5, 0.5, 0.7071067811865476], [0]]
[[2, 1, 2], [0.5, 0.5, 0.7071067811865476], [0]]
[[2, 2, 2], [0.5, 0.5, 0.7071067811865476], [0]]
[[2, 1, 1], [0.5, 0.5, 0.7071067811865476], [0]]
[[1, 1, 1], [1.0307764064044151, 0.75, 0.7071067811865476], [0]]
[[1, 1, 2], [1.0307764064044151, 0.75, 0.7071067811865476], [0]]
[[1, 2, 1], [1.0307764064044151, 0.75, 0.7071067811865476], [0]]
[[1, 2, 2], [1.0307764064044151, 0.75, 0.7071067811865476], [0]]
[[2, 1, 1], [1.0307764064044151, 0.75, 0.7071067811865476], [0]]
[[2, 1, 2], [1.0307764064044151, 0.75, 0.7071067811865476], [0]]
[[2, 2, 1], [1.0307764064044151, 0.75, 0.7071067811865476], [0]]
[[2, 2, 2], [1.0307764064044151, 0.75, 0.7071067811865476], [0]]
[[1, 1, 1], [1.0307764064044151, 0.9013878188659973, 0.5], [0]]
[[1, 1, 2], [1.0307764064044151, 0.9013878188659973, 0.5], [0]]
[[1, 2, 1], [1.0307764064044151, 0.9013878188659973, 0.5], [0]]
[[1, 2, 2], [1.0307764064044151, 0.9013878188659973, 0.5], [0]]
[[2, 1, 1], [1.0307764064044151, 0.9013878188659973, 0.5], [0]]
[[2, 1, 2], [1.0307764064044151, 0.9013878188659973, 0.5], [0]]
[[2, 2, 1], [1.0307764064044151, 0.9013878188659973, 0.5], [0]]
[[2, 2, 2], [1.0307764064044151, 0.9013878188659973, 0.5], [0]]
Counts
0.5, -7.33300269125, [4.0, 0.0, 0.0, 2.0, 0.0, 0.0, 4.0, 0.0, 0.0, 1.0, 0.0, 0.0, 2.0, 0.0, 0.0, -2.0, 2.0, -1.0, 4.0, -4.0, 0.0, 0.0, 0.0, 0.0, 0.0, 0.0, 0.0, 0.0, 0.0, 0.0, 0.0, 0.0, 0.0, 0.0, 2.0, -2.0, -2.0, 2.0, 2.0, 2.0, 4.0, 0.0, -4.0, 0.0, -2.0, 2.0, 12.0, 0.0, 0.0, 0.0, 0.0, 0.0, 0.0, 0.0, 12.0, 0.0, 0.0, 0.0, 0.0, 0.0, 0.0, 6.0, 0.0, 0.0, 0.0, 0.0, 0.0, 0.0, 12.0, 0.0, 0.0, 0.0, 0.0, 0.0, 0.0, 0.0, 24.0, 0.0, 0.0, 0.0, 0.0, 0.0, 0.0, 0.0]
0.375, -6.47478829125, [2.0, 2.0, 0.0, 1.0, 1.0, 0.0, 2.0, 2.0, 0.0, 0.5, 0.5, 0.0, 1.5, 0.0, 0.5, -1.0, 0.5, 0.0, 0.0, 0.0, 0.0, -1.0, -2.0, -0.75, -0.5, 0.0, 2.0, 1.0, 1.5, -4.0, 0.0, 0.0, 1.0, 0.0, 1.0, 0.0, 0.0, 0.5, 1.1875, 1.1875, 0.5, 0.0, 0.0, -0.5625, -0.6875, -0.25, 3.0, 3.0, 3.0, 0.0, 3.0, 0.0, 0.0, 0.0, 6.0, 0.0, 0.0, 3.0, 0.0, 0.0, 3.0, 3.0, 0.0, 0.0, 1.5, 0.0, 0.0, 1.5, 6.0, 0.0, 0.0, 3.0, 3.0, 0.0, 0.0, 0.0, 6.0, 6.0, 6.0, 0.0, 6.0, 0.0, 0.0, 0.0]
0.375, -6.357358396875, [2.0, 2.0, 0.0, 1.0, 1.0, 0.0, 2.0, 2.0, 0.0, 0.5, 0.5, 0.0, 1.5, 0.0, 0.5, 0.0, 1.0, 0.5, 0.0, 2.0, 0.0, 1.0, 0.0, 0.5, 0.0, 0.0, 2.0, 0.0, 2.0, 0.0, 0.0, 0.0, 0.0, 0.0, 0.0, 0.0, 0.0, 0.0, 0.0, 0.0, 0.0, 0.0, 0.0, 1.0, 1.0, 0.0, 3.0, 3.0, 3.0, 0.0, 3.0, 0.0, 0.0, 0.0, 6.0, 0.0, 0.0, 3.0, 0.0, 0.0, 3.0, 3.0, 0.0, 0.0, 1.5, 0.0, 0.0, 1.5, 6.0, 0.0, 0.0, 3.0, 3.0, 0.0, 0.0, 0.0, 6.0, 6.0, 6.0, 0.0, 6.0, 0.0, 0.0, 0.0]
0.375, -6.347270578125, [2.5, 1.0, 0.5, 1.0, 1.0, 0.0, 2.0, 2.0, 0.0, 0.5, 0.5, 0.0, 1.0, 1.0, 0.0, 0.0, -1.0, 0.0, 0.0, 0.0, 0.0, -1.0, 0.0, 0.0, -0.25, 0.0, 0.0, -0.5, 0.0, 0.0, 0.0, 0.0, -1.0, 0.0, 0.0, 0.0, 0.0, 0.375, 1.0, -1.0, 0.75, 0.0, 0.0, 0.0, 0.0, 0.0, 4.5, 3.0, 1.5, 0.0, 1.5, 0.0, 1.5, 0.0, 6.0, 3.0, 3.0, 0.0, 3.0, 0.0, 0.0, 1.5, 3.0, 3.0, 0.0, 0.0, 0.0, 1.5, 3.0, 3.0, 3.0, 0.0, 3.0, 0.0, 0.0, 0.0, 9.0, 3.0, 6.0, 0.0, 3.0, 3.0, 0.0, 0.0]
0.375, -6.286804896875, [2.0, 2.0, 0.0, 1.0, 1.0, 0.0, 2.0, 2.0, 0.0, 0.75, 0.0, 0.25, 1.0, 1.0, 0.0, 0.0, 0.0, 0.25, 0.0, 0.0, 0.0, 0.0, 0.0, 0.5, 0.0, 0.0, 0.0, 0.0, 0.0, 0.0, 0.0, 0.0, 0.0, 0.0, 0.0, 0.0, 0.5, 0.0, 0.0, 0.0, 0.0, 0.0, 0.0, 0.0, 1.0, 0.0, 6.0, 0.0, 0.0, 3.0, 3.0, 0.0, 0.0, 0.0, 3.0, 6.0, 6.0, 0.0, 0.0, 0.0, 3.0, 1.5, 3.0, 3.0, 0.0, 0.0, 0.0, 1.5, 6.0, 0.0, 3.0, 0.0, 0.0, 3.0, 0.0, 0.0, 6.0, 6.0, 6.0, 0.0, 6.0, 0.0, 0.0, 0.0]
0.375, -6.45647418125, [2.0, 2.0, 0.0, 1.25, 0.5, 0.25, 2.0, 2.0, 0.0, 0.5, 0.5, 0.0, 1.0, 1.0, 0.0, -0.75, 1.0, 0.0, 0.0, 0.0, 0.5, 0.0, -1.0, -0.125, 0.375, 1.0, 2.0, -0.25, 0.75, -2.0, -0.75, 0.25, 1.5, 0.0, 1.0, 0.375, 0.34375, 0.5, -0.8125, 0.1875, 1.0, 0.6875, 0.8125, 0.5625, -0.0625, 0.0, 4.5, 1.5, 3.0, 0.0, 1.5, 1.5, 0.0, 0.0, 3.0, 6.0, 6.0, 0.0, 0.0, 0.0, 3.0, 3.0, 1.5, 1.5, 0.0, 1.5, 0.0, 0.0, 3.0, 3.0, 3.0, 0.0, 3.0, 0.0, 0.0, 0.0, 9.0, 3.0, 3.0, 3.0, 6.0, 0.0, 0.0, 0.0]
0.375, -6.47672151125, [2.0, 2.0, 0.0, 1.25, 0.5, 0.25, 2.0, 2.0, 0.0, 0.5, 0.5, 0.0, 1.0, 1.0, 0.0, -1.25, 1.0, 0.5, -2.0, 2.0, -0.5, 0.0, -1.0, 0.75, -0.5, -2.0, 2.0, -1.0, 1.5, -2.0, 0.5, 0.5, 1.5, 0.0, 1.0, 0.0, 0.625, 0.0, -1.0, 1.0, -1.25, 1.25, 0.0, 1.125, 0.375, 0.0, 4.5, 1.5, 3.0, 0.0, 1.5, 1.5, 0.0, 0.0, 3.0, 6.0, 6.0, 0.0, 0.0, 0.0, 3.0, 3.0, 1.5, 1.5, 0.0, 1.5, 0.0, 0.0, 3.0, 3.0, 3.0, 0.0, 3.0, 0.0, 0.0, 0.0, 9.0, 3.0, 3.0, 3.0, 6.0, 0.0, 0.0, 0.0]
0.375, -6.46048260375, [2.0, 2.0, 0.0, 1.0, 1.0, 0.0, 2.0, 2.0, 0.0, 0.75, 0.0, 0.25, 1.0, 1.0, 0.0, 1.0, 1.0, 0.75, 2.0, 2.0, 0.5, 1.0, 0.0, 1.0, 0.0, 3.0, 2.0, 3.0, 2.0, 1.0, 0.0, 1.0, 0.0, 0.375, 0.5625, 0.0, 1.0, 0.0, 0.125, 1.125, 0.125, 1.125, 0.75, 1.0, 1.0, 0.0, 6.0, 0.0, 0.0, 3.0, 3.0, 0.0, 0.0, 0.0, 3.0, 6.0, 6.0, 0.0, 0.0, 0.0, 3.0, 1.5, 3.0, 3.0, 0.0, 0.0, 0.0, 1.5, 6.0, 0.0, 3.0, 0.0, 0.0, 3.0, 0.0, 0.0, 6.0, 6.0, 6.0, 0.0, 6.0, 0.0, 0.0, 0.0]
0.375, -6.4988506425, [2.0, 2.0, 0.0, 1.0, 1.0, 0.0, 2.0, 2.0, 0.0, 0.75, 0.0, 0.25, 1.0, 1.0, 0.0, -1.0, 1.0, 0.75, -2.0, 2.0, 0.0, 1.0, 0.0, 1.0, 0.0, -4.0, 2.0, -4.0, 2.0, 0.0, 0.0, 1.0, 0.0, 0.0, 1.0, 0.0, 1.0, 0.0, 0.0, 2.0, 0.0, 2.0, 0.0, 1.0, 1.0, 0.0, 6.0, 0.0, 0.0, 3.0, 3.0, 0.0, 0.0, 0.0, 3.0, 6.0, 6.0, 0.0, 0.0, 0.0, 3.0, 1.5, 3.0, 3.0, 0.0, 0.0, 0.0, 1.5, 6.0, 0.0, 3.0, 0.0, 0.0, 3.0, 0.0, 0.0, 6.0, 6.0, 6.0, 0.0, 6.0, 0.0, 0.0, 0.0]
0.375, -6.476438305, [2.0, 2.0, 0.0, 1.0, 1.0, 0.0, 2.0, 2.0, 0.0, 0.5, 0.5, 0.0, 1.5, 0.0, 0.5, -1.0, 1.5, 0.5, -2.0, 2.0, 0.0, 1.0, -2.0, 0.5, -2.0, 0.0, 2.0, 0.0, 2.0, -4.0, 0.0, 0.0, 1.0, 0.0, 1.0, 0.0, 0.0, 0.0, -2.0, 2.0, -2.0, 0.0, 0.0, 1.0, 1.0, 0.0, 3.0, 3.0, 3.0, 0.0, 3.0, 0.0, 0.0, 0.0, 6.0, 0.0, 0.0, 3.0, 0.0, 0.0, 3.0, 3.0, 0.0, 0.0, 1.5, 0.0, 0.0, 1.5, 6.0, 0.0, 0.0, 3.0, 3.0, 0.0, 0.0, 0.0, 6.0, 6.0, 6.0, 0.0, 6.0, 0.0, 0.0, 0.0]
0.375, -6.328944224375, [2.0, 2.0, 0.0, 1.0, 1.0, 0.0, 3.0, 0.0, 1.0, 0.5, 0.5, 0.0, 1.0, 1.0, 0.0, 0.0, -1.0, 0.5, 0.0, -2.0, 0.0, -1.0, 0.0, 1.0, 0.0, 0.0, -2.0, 0.0, -2.0, 0.0, 0.0, 0.0, 0.0, 0.0, 0.0, 0.0, 0.5, 0.0, 0.0, 0.0, 0.0, 0.0, 0.0, -1.0, 1.0, 0.0, 3.0, 3.0, 3.0, 0.0, 3.0, 0.0, 0.0, 0.0, 3.0, 6.0, 6.0, 0.0, 0.0, 0.0, 3.0, 1.5, 3.0, 3.0, 0.0, 0.0, 0.0, 1.5, 6.0, 3.0, 0.0, 0.0, 0.0, 0.0, 3.0, 0.0, 12.0, 6.0, 0.0, 0.0, 0.0, 0.0, 6.0, 0.0]
0.375, -6.436702829375, [2.0, 2.0, 0.0, 1.0, 1.0, 0.0, 3.0, 0.0, 1.0, 0.5, 0.5, 0.0, 1.0, 1.0, 0.0, -0.5, 0.0, 0.0, -1.0, 1.0, -1.125, 0.0, -1.125, 0.0, -1.375, 0.75, 0.0, 0.0, 0.0, 0.0, 1.0, 0.0, 0.0, 0.125, 0.0, 0.125, 0.0, 0.375, -0.75, 0.0, -0.5625, 1.75, 0.8125, -0.6875, -0.0625, -0.75, 3.0, 3.0, 3.0, 0.0, 3.0, 0.0, 0.0, 0.0, 3.0, 6.0, 6.0, 0.0, 0.0, 0.0, 3.0, 1.5, 3.0, 3.0, 0.0, 0.0, 0.0, 1.5, 6.0, 3.0, 0.0, 0.0, 0.0, 0.0, 3.0, 0.0, 12.0, 6.0, 0.0, 0.0, 0.0, 0.0, 6.0, 0.0]
0.375, -6.45575928875, [2.0, 2.0, 0.0, 1.0, 1.0, 0.0, 3.0, 0.0, 1.0, 0.5, 0.5, 0.0, 1.0, 1.0, 0.0, -1.0, 1.0, -0.5, 2.0, -3.0, -1.0, 1.0, -1.0, -1.0, 1.0, 2.0, 2.0, 0.0, -2.0, 0.0, -1.0, 0.0, 0.0, 0.0, 0.5, -0.75, -0.25, 0.75, 0.625, 0.625, 2.0, 0.0, -2.0, 0.0, -1.0, 1.0, 3.0, 3.0, 3.0, 0.0, 3.0, 0.0, 0.0, 0.0, 3.0, 6.0, 6.0, 0.0, 0.0, 0.0, 3.0, 1.5, 3.0, 3.0, 0.0, 0.0, 0.0, 1.5, 6.0, 3.0, 0.0, 0.0, 0.0, 0.0, 3.0, 0.0, 12.0, 6.0, 0.0, 0.0, 0.0, 0.0, 6.0, 0.0]
0.375, -6.43685281875, [2.0, 2.0, 0.0, 1.0, 1.0, 0.0, 3.0, 0.0, 1.0, 0.5, 0.5, 0.0, 1.0, 1.0, 0.0, -0.5, 0.0, 0.0, -1.0, 1.0, 0.375, 0.0, 0.375, 0.0, 0.125, -2.25, 0.0, 0.0, 0.0, 0.0, 1.0, 0.0, 0.0, -0.375, 0.375, -0.125, 0.125, -0.375, 0.0, 0.25, -1.75, 0.9375, 0.3125, 0.4375, 0.8125, 0.75, 3.0, 3.0, 3.0, 0.0, 3.0, 0.0, 0.0, 0.0, 3.0, 6.0, 6.0, 0.0, 0.0, 0.0, 3.0, 1.5, 3.0, 3.0, 0.0, 0.0, 0.0, 1.5, 6.0, 3.0, 0.0, 0.0, 0.0, 0.0, 3.0, 0.0, 12.0, 6.0, 0.0, 0.0, 0.0, 0.0, 6.0, 0.0]
0.375, -6.43363630375, [2.0, 2.0, 0.0, 1.0, 1.0, 0.0, 3.0, 0.0, 1.0, 0.5, 0.5, 0.0, 1.0, 1.0, 0.0, 1.0, 1.0, 0.5, 2.0, 3.0, 1.0, 1.0, 1.0, 1.0, 1.0, 2.0, 2.0, 0.0, 2.0, 0.0, 1.0, 0.0, 0.0, 0.375, 0.3125, 0.0, 0.625, 0.0, 0.625, 0.625, 1.0, 1.0, 2.0, 1.0, 1.0, 0.0, 3.0, 3.0, 3.0, 0.0, 3.0, 0.0, 0.0, 0.0, 3.0, 6.0, 6.0, 0.0, 0.0, 0.0, 3.0, 1.5, 3.0, 3.0, 0.0, 0.0, 0.0, 1.5, 6.0, 3.0, 0.0, 0.0, 0.0, 0.0, 3.0, 0.0, 12.0, 6.0, 0.0, 0.0, 0.0, 0.0, 6.0, 0.0]
0.375, -6.454320684375, [2.0, 2.0, 0.0, 1.0, 1.0, 0.0, 3.0, 0.0, 1.0, 0.5, 0.5, 0.0, 1.0, 1.0, 0.0, -1.0, 1.0, 0.5, -2.0, 3.0, 0.0, 1.0, 0.0, 1.0, 0.0, -4.0, 2.0, 0.0, 2.0, 0.0, 1.0, 0.0, 0.0, 0.0, 1.0, 0.0, 1.0, 0.0, 0.0, 2.0, -2.0, 2.0, 0.0, 1.0, 1.0, 0.0, 3.0, 3.0, 3.0, 0.0, 3.0, 0.0, 0.0, 0.0, 3.0, 6.0, 6.0, 0.0, 0.0, 0.0, 3.0, 1.5, 3.0, 3.0, 0.0, 0.0, 0.0, 1.5, 6.0, 3.0, 0.0, 0.0, 0.0, 0.0, 3.0, 0.0, 12.0, 6.0, 0.0, 0.0, 0.0, 0.0, 6.0, 0.0]
0.375, -6.383762743125, [2.5, 1.0, 0.5, 1.0, 1.0, 0.0, 2.0, 2.0, 0.0, 0.5, 0.5, 0.0, 1.0, 1.0, 0.0, -0.25, -0.5, 0.0, -0.5, 1.0, -0.375, -0.5, 0.0, -0.375, 0.0, -1.0, 0.0, 1.0, 0.75, -0.25, 0.75, -0.75, 0.0, 0.375, 0.0, 0.375, 0.59375, 0.375, 1.0, 0.0, -1.0, 0.0, 0.25, 0.0, 0.75, -0.25, 4.5, 3.0, 1.5, 0.0, 1.5, 0.0, 1.5, 0.0, 6.0, 3.0, 3.0, 0.0, 3.0, 0.0, 0.0, 1.5, 3.0, 3.0, 0.0, 0.0, 0.0, 1.5, 3.0, 3.0, 3.0, 0.0, 3.0, 0.0, 0.0, 0.0, 9.0, 3.0, 6.0, 0.0, 3.0, 3.0, 0.0, 0.0]
0.375, -6.24668969875, [2.5, 1.0, 0.5, 1.0, 1.0, 0.0, 2.0, 2.0, 0.0, 0.5, 0.5, 0.0, 1.0, 1.0, 0.0, 0.0, 0.0, 0.0, -0.5, 0.0, 0.0, 0.0, 0.0, 0.0, 0.0, 0.0, 0.0, -1.0, 0.0, 0.0, 0.0, 0.0, 0.0, 0.0, 0.0, 0.0, 0.0, 0.0, 0.0, 0.0, 0.0, 0.0, 0.0, 0.0, 0.0, 0.0, 4.5, 3.0, 1.5, 0.0, 1.5, 0.0, 1.5, 0.0, 6.0, 3.0, 3.0, 0.0, 3.0, 0.0, 0.0, 1.5, 3.0, 3.0, 0.0, 0.0, 0.0, 1.5, 3.0, 3.0, 3.0, 0.0, 3.0, 0.0, 0.0, 0.0, 9.0, 3.0, 6.0, 0.0, 3.0, 3.0, 0.0, 0.0]
0.375, -6.356330498125, [2.5, 1.0, 0.5, 1.0, 1.0, 0.0, 2.0, 2.0, 0.0, 0.5, 0.5, 0.0, 1.0, 1.0, 0.0, -0.5, 0.5, 0.25, -1.0, 0.0, -1.0, 0.5, 0.0, 0.125, 0.0, 0.0, 0.0, -1.0, 0.0, 0.0, 0.0, 0.25, 0.25, 0.0, 0.0, 0.0, 0.875, 0.0, -1.0, 0.0, 0.0, 0.0, 0.0, 0.0, 0.75, 0.0, 4.5, 3.0, 1.5, 0.0, 1.5, 0.0, 1.5, 0.0, 6.0, 3.0, 3.0, 0.0, 3.0, 0.0, 0.0, 1.5, 3.0, 3.0, 0.0, 0.0, 0.0, 1.5, 3.0, 3.0, 3.0, 0.0, 3.0, 0.0, 0.0, 0.0, 9.0, 3.0, 6.0, 0.0, 3.0, 3.0, 0.0, 0.0]
0.375, -6.355791219375, [2.5, 1.0, 0.5, 1.0, 1.0, 0.0, 2.0, 2.0, 0.0, 0.5, 0.5, 0.0, 1.0, 1.0, 0.0, 0.0, 1.0, 0.0, 2.0, 0.0, 0.0, 1.0, 0.0, 0.0, 0.75, 0.0, 0.0, 1.5, 0.0, 0.0, 0.0, 0.0, 1.0, 0.0, 1.0, 0.0, 0.0, 1.25, 1.0, 1.0, 2.5, 0.0, 0.0, 0.0, 0.0, 1.0, 4.5, 3.0, 1.5, 0.0, 1.5, 0.0, 1.5, 0.0, 6.0, 3.0, 3.0, 0.0, 3.0, 0.0, 0.0, 1.5, 3.0, 3.0, 0.0, 0.0, 0.0, 1.5, 3.0, 3.0, 3.0, 0.0, 3.0, 0.0, 0.0, 0.0, 9.0, 3.0, 6.0, 0.0, 3.0, 3.0, 0.0, 0.0]
0.375, -6.460982859375, [2.0, 2.0, 0.0, 1.0, 1.0, 0.0, 2.0, 2.0, 0.0, 0.75, 0.0, 0.25, 1.0, 1.0, 0.0, 0.0, 1.0, -0.25, 0.0, -2.0, -0.75, 1.0, 0.0, -1.0, 0.0, 1.5, 2.0, 1.5, -2.0, -1.5, 0.0, 1.0, 0.0, 0.1875, 0.28125, 0.75, 0.8125, 0.75, -0.9375, 0.5625, 0.5, 0.0, 1.5, 0.0, -1.0, 1.0, 6.0, 0.0, 0.0, 3.0, 3.0, 0.0, 0.0, 0.0, 3.0, 6.0, 6.0, 0.0, 0.0, 0.0, 3.0, 1.5, 3.0, 3.0, 0.0, 0.0, 0.0, 1.5, 6.0, 0.0, 3.0, 0.0, 0.0, 3.0, 0.0, 0.0, 6.0, 6.0, 6.0, 0.0, 6.0, 0.0, 0.0, 0.0]
0.375, -6.41205298125, [2.0, 2.0, 0.0, 1.0, 1.0, 0.0, 2.0, 2.0, 0.0, 0.75, 0.0, 0.25, 1.0, 1.0, 0.0, 0.0, -1.0, 0.5, 0.0, -2.0, 0.125, -1.0, 0.0, 1.0, 0.0, -0.25, -2.0, -0.25, -2.0, 0.25, 0.0, 0.0, 0.0, -0.125, -0.375, 0.0, 0.78125, 0.0, 0.0, -0.75, 0.0, -0.75, -0.25, -1.0, 1.0, 0.0, 6.0, 0.0, 0.0, 3.0, 3.0, 0.0, 0.0, 0.0, 3.0, 6.0, 6.0, 0.0, 0.0, 0.0, 3.0, 1.5, 3.0, 3.0, 0.0, 0.0, 0.0, 1.5, 6.0, 0.0, 3.0, 0.0, 0.0, 3.0, 0.0, 0.0, 6.0, 6.0, 6.0, 0.0, 6.0, 0.0, 0.0, 0.0]
0.375, -6.473833860625, [2.0, 2.0, 0.0, 1.0, 1.0, 0.0, 2.0, 2.0, 0.0, 0.75, 0.0, 0.25, 1.0, 1.0, 0.0, -0.5, 0.0, 0.25, -1.0, 0.0, 0.125, 0.0, 0.0, 0.0, 0.0, -2.25, 0.0, -2.25, 0.0, 0.25, 0.0, 1.0, 0.0, -0.125, 0.125, -0.125, 0.15625, -0.125, 0.0, 0.25, 0.0, 0.25, -0.25, 0.4375, 0.8125, 0.75, 6.0, 0.0, 0.0, 3.0, 3.0, 0.0, 0.0, 0.0, 3.0, 6.0, 6.0, 0.0, 0.0, 0.0, 3.0, 1.5, 3.0, 3.0, 0.0, 0.0, 0.0, 1.5, 6.0, 0.0, 3.0, 0.0, 0.0, 3.0, 0.0, 0.0, 6.0, 6.0, 6.0, 0.0, 6.0, 0.0, 0.0, 0.0]
0.375, -6.349239711875, [2.0, 2.0, 0.0, 1.0, 1.0, 0.0, 2.0, 2.0, 0.0, 0.75, 0.0, 0.25, 1.0, 1.0, 0.0, 0.0, -1.0, -0.5, 0.0, 2.0, 0.0, -1.0, 0.0, -1.0, 0.0, 0.0, -2.0, 0.0, 2.0, 0.0, 0.0, 0.0, 0.0, 0.0, 0.0, 0.0, 0.0, 0.0, 0.0, 0.0, 0.0, 1.0, 0.0, 1.0, 0.0, -1.0, 6.0, 0.0, 0.0, 3.0, 3.0, 0.0, 0.0, 0.0, 3.0, 6.0, 6.0, 0.0, 0.0, 0.0, 3.0, 1.5, 3.0, 3.0, 0.0, 0.0, 0.0, 1.5, 6.0, 0.0, 3.0, 0.0, 0.0, 3.0, 0.0, 0.0, 6.0, 6.0, 6.0, 0.0, 6.0, 0.0, 0.0, 0.0]
0.375, -6.3705272, [2.0, 2.0, 0.0, 1.0, 1.0, 0.0, 2.0, 2.0, 0.0, 0.75, 0.0, 0.25, 1.0, 1.0, 0.0, 0.0, 1.0, 0.5, 0.0, 2.0, 0.0, 1.0, 0.0, 1.0, 0.0, 0.0, 2.0, 0.0, 2.0, 0.0, 0.0, 0.0, 0.0, 0.0, 1.0, 0.0, 1.0, 0.0, 0.0, 2.0, 0.0, 2.0, 0.0, 1.0, 1.0, 0.0, 6.0, 0.0, 0.0, 3.0, 3.0, 0.0, 0.0, 0.0, 3.0, 6.0, 6.0, 0.0, 0.0, 0.0, 3.0, 1.5, 3.0, 3.0, 0.0, 0.0, 0.0, 1.5, 6.0, 0.0, 3.0, 0.0, 0.0, 3.0, 0.0, 0.0, 6.0, 6.0, 6.0, 0.0, 6.0, 0.0, 0.0, 0.0]
0.375, -6.324930800625, [2.0, 2.0, 0.0, 1.0, 1.0, 0.0, 3.0, 0.0, 1.0, 0.5, 0.5, 0.0, 1.0, 1.0, 0.0, 0.0, 1.0, 0.5, 0.0, 2.0, 0.0, 1.0, 0.0, 1.0, 0.0, 0.0, 2.0, 0.0, 2.0, 0.0, 0.0, 0.0, 0.0, 0.0, 1.0, 0.0, 1.0, 0.0, 0.0, 2.0, 0.0, 2.0, 0.0, 1.0, 1.0, 0.0, 3.0, 3.0, 3.0, 0.0, 3.0, 0.0, 0.0, 0.0, 3.0, 6.0, 6.0, 0.0, 0.0, 0.0, 3.0, 1.5, 3.0, 3.0, 0.0, 0.0, 0.0, 1.5, 6.0, 3.0, 0.0, 0.0, 0.0, 0.0, 3.0, 0.0, 12.0, 6.0, 0.0, 0.0, 0.0, 0.0, 6.0, 0.0]
0.375, -6.45556830125, [2.0, 2.0, 0.0, 1.0, 1.0, 0.0, 3.0, 0.0, 1.0, 0.5, 0.5, 0.0, 1.0, 1.0, 0.0, -1.0, 1.0, -0.5, 2.0, -3.0, -1.0, 1.0, -1.0, -1.0, 1.0, 2.0, 2.0, 0.0, -2.0, 0.0, -1.0, 0.0, 0.0, 0.0, 0.5, -0.25, -0.75, 0.25, 0.625, 0.625, 2.0, 0.0, -2.0, 0.0, -1.0, 1.0, 3.0, 3.0, 3.0, 0.0, 3.0, 0.0, 0.0, 0.0, 3.0, 6.0, 6.0, 0.0, 0.0, 0.0, 3.0, 1.5, 3.0, 3.0, 0.0, 0.0, 0.0, 1.5, 6.0, 3.0, 0.0, 0.0, 0.0, 0.0, 3.0, 0.0, 12.0, 6.0, 0.0, 0.0, 0.0, 0.0, 6.0, 0.0]
0.375, -6.436376928125, [2.0, 2.0, 0.0, 1.0, 1.0, 0.0, 3.0, 0.0, 1.0, 0.5, 0.5, 0.0, 1.0, 1.0, 0.0, -0.5, 0.0, 0.0, -1.0, 1.0, -1.375, 0.0, -1.375, 0.0, -1.125, 0.25, 0.0, 0.0, 0.0, 0.0, 1.0, 0.0, 0.0, 0.375, 0.0, 0.375, 0.0, 0.125, -0.25, 0.0, -0.25, 1.4375, 0.8125, -0.0625, 0.3125, -0.75, 3.0, 3.0, 3.0, 0.0, 3.0, 0.0, 0.0, 0.0, 3.0, 6.0, 6.0, 0.0, 0.0, 0.0, 3.0, 1.5, 3.0, 3.0, 0.0, 0.0, 0.0, 1.5, 6.0, 3.0, 0.0, 0.0, 0.0, 0.0, 3.0, 0.0, 12.0, 6.0, 0.0, 0.0, 0.0, 0.0, 6.0, 0.0]
0.375, -6.31112661375, [2.0, 2.0, 0.0, 1.0, 1.0, 0.0, 3.0, 0.0, 1.0, 0.5, 0.5, 0.0, 1.0, 1.0, 0.0, 0.0, -1.0, -0.5, 0.0, 2.0, 0.0, -1.0, 0.0, -1.0, 0.0, 0.0, -2.0, 0.0, 2.0, 0.0, 0.0, 0.0, 0.0, 0.0, 0.0, 0.0, 0.0, 0.0, 0.0, 0.0, 0.0, 1.0, 0.0, 1.0, 0.0, -1.0, 3.0, 3.0, 3.0, 0.0, 3.0, 0.0, 0.0, 0.0, 3.0, 6.0, 6.0, 0.0, 0.0, 0.0, 3.0, 1.5, 3.0, 3.0, 0.0, 0.0, 0.0, 1.5, 6.0, 3.0, 0.0, 0.0, 0.0, 0.0, 3.0, 0.0, 12.0, 6.0, 0.0, 0.0, 0.0, 0.0, 6.0, 0.0]
0.3125, -5.99075392125, [1.0, 3.0, 0.0, 1.0, 0.5, 0.5, 1.0, 3.0, 0.0, 0.25, 0.75, 0.0, 1.0, 0.5, 0.5, 0.5, 0.5, 0.25, 1.0, 0.0, 0.0, 0.0, 0.5, 0.75, 0.5, 1.0, 1.0, 1.0, 0.0, 2.0, 0.0, 0.25, 1.0, 0.8125, 0.59375, 0.0, 0.125, 0.0, 0.1875, 0.1875, 1.0, 0.0, 0.0, 0.0, 0.75, 0.0, 1.5, 1.5, 4.5, 0.0, 1.5, 3.0, 0.0, 0.0, 1.5, 3.0, 3.0, 3.0, 0.0, 0.0, 4.5, 3.0, 0.0, 0.0, 0.75, 1.5, 0.75, 0.0, 1.5, 1.5, 1.5, 3.0, 4.5, 0.0, 0.0, 0.0, 3.0, 3.0, 3.0, 6.0, 9.0, 0.0, 0.0, 0.0]
0.3125, -6.05742950625, [1.0, 3.0, 0.0, 0.5, 1.5, 0.0, 2.0, 1.0, 1.0, 0.5, 0.25, 0.25, 1.0, 0.5, 0.5, 0.5, 1.0, 0.5, 1.0, 2.0, 0.25, 1.5, 0.25, 1.25, 0.25, 1.5, 3.0, 1.5, 3.0, 0.5, 0.0, 0.0, 0.0, 0.1875, 0.28125, 0.0, 0.5625, 0.0, 0.0625, 0.5625, 0.0625, 0.5625, 0.375, 1.0, 1.0, 0.0, 1.5, 1.5, 1.5, 3.0, 4.5, 0.0, 0.0, 0.0, 1.5, 3.0, 3.0, 3.0, 0.0, 0.0, 4.5, 0.75, 1.5, 1.5, 1.5, 0.0, 0.0, 2.25, 6.0, 0.0, 0.0, 1.5, 0.0, 1.5, 1.5, 1.5, 3.0, 9.0, 3.0, 0.0, 3.0, 0.0, 6.0, 0.0]
0.5, -7.392107330625, [4.0, 0.0, 0.0, 2.0, 0.0, 0.0, 4.0, 0.0, 0.0, 1.0, 0.0, 0.0, 2.0, 0.0, 0.0, -2.0, 2.0, 1.0, -4.0, 4.0, 0.0, 0.0, 0.0, 0.0, 0.0, 0.0, 0.0, 0.0, 0.0, 0.0, 0.0, 0.0, 0.0, 0.0, 2.0, 0.0, 2.0, 0.0, -4.0, 4.0, -4.0, 4.0, 0.0, 2.0, 2.0, 0.0, 12.0, 0.0, 0.0, 0.0, 0.0, 0.0, 0.0, 0.0, 12.0, 0.0, 0.0, 0.0, 0.0, 0.0, 0.0, 6.0, 0.0, 0.0, 0.0, 0.0, 0.0, 0.0, 12.0, 0.0, 0.0, 0.0, 0.0, 0.0, 0.0, 0.0, 24.0, 0.0, 0.0, 0.0, 0.0, 0.0, 0.0, 0.0]
0.4375, -6.857710696875, [3.0, 1.0, 0.0, 1.5, 0.5, 0.0, 3.0, 1.0, 0.0, 0.75, 0.25, 0.0, 1.5, 0.5, 0.0, 1.5, 1.5, 0.75, 3.0, 3.0, 0.5, 0.5, 0.5, 0.25, 0.5, 1.0, 1.0, 1.0, 1.0, 1.0, 0.75, 0.75, 0.25, 1.3125, 0.59375, 0.0, 1.375, 0.0, 1.1875, 1.1875, 1.1875, 1.1875, 2.625, 1.0625, 1.1875, 0.0, 7.5, 1.5, 1.5, 0.0, 1.5, 0.0, 0.0, 0.0, 7.5, 3.0, 3.0, 0.0, 0.0, 0.0, 1.5, 3.75, 1.5, 1.5, 0.0, 0.0, 0.0, 0.75, 7.5, 1.5, 1.5, 0.0, 1.5, 0.0, 0.0, 0.0, 15.0, 3.0, 3.0, 0.0, 3.0, 0.0, 0.0, 0.0]
0.5, -7.255127016875, [4.0, 0.0, 0.0, 2.0, 0.0, 0.0, 4.0, 0.0, 0.0, 1.0, 0.0, 0.0, 2.0, 0.0, 0.0, 2.0, 2.0, 1.0, 4.0, 4.0, 0.0, 0.0, 0.0, 0.0, 0.0, 0.0, 0.0, 0.0, 0.0, 0.0, 0.0, 0.0, 0.0, 2.0, 1.0, 0.0, 2.0, 0.0, 2.0, 2.0, 2.0, 2.0, 4.0, 2.0, 2.0, 0.0, 12.0, 0.0, 0.0, 0.0, 0.0, 0.0, 0.0, 0.0, 12.0, 0.0, 0.0, 0.0, 0.0, 0.0, 0.0, 6.0, 0.0, 0.0, 0.0, 0.0, 0.0, 0.0, 12.0, 0.0, 0.0, 0.0, 0.0, 0.0, 0.0, 0.0, 24.0, 0.0, 0.0, 0.0, 0.0, 0.0, 0.0, 0.0]
0.5, -7.271617471875, [4.0, 0.0, 0.0, 2.0, 0.0, 0.0, 4.0, 0.0, 0.0, 1.0, 0.0, 0.0, 2.0, 0.0, 0.0, 0.0, -2.0, 1.0, 0.0, -4.0, 0.0, 0.0, 0.0, 0.0, 0.0, 0.0, 0.0, 0.0, 0.0, 0.0, 0.0, 0.0, 0.0, 0.0, -1.0, 0.0, 2.0, 0.0, 2.0, -2.0, 2.0, -2.0, 0.0, -2.0, 2.0, 0.0, 12.0, 0.0, 0.0, 0.0, 0.0, 0.0, 0.0, 0.0, 12.0, 0.0, 0.0, 0.0, 0.0, 0.0, 0.0, 6.0, 0.0, 0.0, 0.0, 0.0, 0.0, 0.0, 12.0, 0.0, 0.0, 0.0, 0.0, 0.0, 0.0, 0.0, 24.0, 0.0, 0.0, 0.0, 0.0, 0.0, 0.0, 0.0]
0.5, -7.30660320125, [4.0, 0.0, 0.0, 2.0, 0.0, 0.0, 4.0, 0.0, 0.0, 1.0, 0.0, 0.0, 2.0, 0.0, 0.0, -1.0, 0.0, 0.0, 0.0, 0.0, 0.0, 0.0, 0.0, 0.0, 0.0, 0.0, 0.0, 0.0, 0.0, 0.0, 0.0, 0.0, 0.0, 0.0, 0.5, -0.75, 0.5625, 0.25, 0.25, 1.25, 0.0, 2.25, -0.75, 1.25, 0.25, 0.0, 12.0, 0.0, 0.0, 0.0, 0.0, 0.0, 0.0, 0.0, 12.0, 0.0, 0.0, 0.0, 0.0, 0.0, 0.0, 6.0, 0.0, 0.0, 0.0, 0.0, 0.0, 0.0, 12.0, 0.0, 0.0, 0.0, 0.0, 0.0, 0.0, 0.0, 24.0, 0.0, 0.0, 0.0, 0.0, 0.0, 0.0, 0.0]
0.5, -7.247352255, [4.0, 0.0, 0.0, 2.0, 0.0, 0.0, 4.0, 0.0, 0.0, 1.0, 0.0, 0.0, 2.0, 0.0, 0.0, 0.0, 0.0, 0.0, 0.0, -4.0, 0.0, 0.0, 0.0, 0.0, 0.0, 0.0, 0.0, 0.0, 0.0, 0.0, 0.0, 0.0, 0.0, 0.375, 0.5625, 0.0, 0.375, 0.0, 0.125, 1.125, 2.0, -2.0, 0.0, -1.0, 0.0, 1.0, 12.0, 0.0, 0.0, 0.0, 0.0, 0.0, 0.0, 0.0, 12.0, 0.0, 0.0, 0.0, 0.0, 0.0, 0.0, 6.0, 0.0, 0.0, 0.0, 0.0, 0.0, 0.0, 12.0, 0.0, 0.0, 0.0, 0.0, 0.0, 0.0, 0.0, 24.0, 0.0, 0.0, 0.0, 0.0, 0.0, 0.0, 0.0]
0.5, -7.256801531875, [4.0, 0.0, 0.0, 2.0, 0.0, 0.0, 4.0, 0.0, 0.0, 1.0, 0.0, 0.0, 2.0, 0.0, 0.0, 0.0, 0.0, 0.0, -2.0, 0.0, 0.0, 0.0, 0.0, 0.0, 0.0, 0.0, 0.0, 0.0, 0.0, 0.0, 0.0, 0.0, 0.0, 0.75, 0.125, 0.75, 0.625, -0.25, -1.0, 1.0, -1.5, 0.75, 2.25, 0.25, -0.25, 0.5, 12.0, 0.0, 0.0, 0.0, 0.0, 0.0, 0.0, 0.0, 12.0, 0.0, 0.0, 0.0, 0.0, 0.0, 0.0, 6.0, 0.0, 0.0, 0.0, 0.0, 0.0, 0.0, 12.0, 0.0, 0.0, 0.0, 0.0, 0.0, 0.0, 0.0, 24.0, 0.0, 0.0, 0.0, 0.0, 0.0, 0.0, 0.0]
0.25, -5.66607425, [1.0, 2.0, 1.0, 0.5, 1.0, 0.5, 1.0, 2.0, 1.0, 0.25, 0.5, 0.25, 0.0, 2.0, 0.0, -0.5, 0.0, 0.25, -1.0, 1.0, -1.0, 0.0, 0.0, 0.5, 0.0, -2.0, 0.0, 0.0, 1.0, -2.0, 1.0, 1.0, 0.0, 0.0, 0.0, 0.0, 0.5, 0.0, 0.0, 0.0, -1.0, 0.0, 0.0, 0.0, 0.0, 0.0, 1.5, 1.5, 1.5, 1.5, 1.5, 1.5, 1.5, 1.5, 0.0, 6.0, 6.0, 0.0, 6.0, 0.0, 0.0, 0.0, 3.0, 3.0, 0.0, 3.0, 0.0, 0.0, 0.0, 3.0, 3.0, 0.0, 0.0, 3.0, 3.0, 0.0, 3.0, 3.0, 3.0, 3.0, 3.0, 3.0, 3.0, 3.0]
0.25, -5.685825344375, [1.0, 2.0, 1.0, 0.5, 1.0, 0.5, 0.0, 4.0, 0.0, 0.25, 0.5, 0.25, 0.5, 1.0, 0.5, -0.5, 0.5, 0.25, -1.0, 0.0, -1.0, 0.5, 0.0, 0.75, 0.0, 0.0, 1.0, -2.0, 0.0, -2.0, 0.0, 1.0, 1.0, 0.0, 0.0, 0.0, 0.25, 0.0, -1.0, 0.0, 0.0, 0.0, 0.0, 0.0, 0.0, 0.0, 1.5, 1.5, 1.5, 1.5, 1.5, 1.5, 1.5, 1.5, 1.5, 3.0, 3.0, 1.5, 3.0, 1.5, 1.5, 0.75, 1.5, 1.5, 0.75, 1.5, 0.75, 0.75, 0.0, 0.0, 3.0, 3.0, 3.0, 3.0, 0.0, 0.0, 0.0, 0.0, 6.0, 6.0, 6.0, 6.0, 0.0, 0.0]
0.25, -5.685825019375, [1.0, 2.0, 1.0, 0.5, 1.0, 0.5, 0.0, 4.0, 0.0, 0.25, 0.5, 0.25, 0.5, 1.0, 0.5, -0.5, 0.5, 0.25, -1.0, 0.0, 0.0, 0.5, -1.0, 0.25, -1.0, -2.0, 1.0, -2.0, 0.0, -2.0, 0.0, 1.0, 1.0, 0.0, 0.5, 0.0, 0.0, 0.0, 0.0, 1.0, 0.0, 0.0, 0.0, 0.0, 0.0, 0.0, 1.5, 1.5, 1.5, 1.5, 1.5, 1.5, 1.5, 1.5, 1.5, 3.0, 3.0, 1.5, 3.0, 1.5, 1.5, 0.75, 1.5, 1.5, 0.75, 1.5, 0.75, 0.75, 0.0, 0.0, 3.0, 3.0, 3.0, 3.0, 0.0, 0.0, 0.0, 0.0, 6.0, 6.0, 6.0, 6.0, 0.0, 0.0]
0.25, -5.653884793125, [0.0, 4.0, 0.0, 0.0, 2.0, 0.0, 2.0, 0.0, 2.0, 0.5, 0.0, 0.5, 1.0, 0.0, 1.0, 0.0, 1.0, -0.5, 0.0, -2.0, 0.0, 2.0, 0.0, -2.0, 0.0, 0.0, 4.0, 0.0, -4.0, 0.0, 0.0, 0.0, 0.0, 0.0, 0.0, 0.0, 0.0, 0.0, 0.0, 0.0, 0.0, 0.0, 0.0, 0.0, -1.0, 1.0, 0.0, 0.0, 0.0, 6.0, 6.0, 0.0, 0.0, 0.0, 0.0, 0.0, 0.0, 6.0, 0.0, 0.0, 6.0, 0.0, 0.0, 0.0, 3.0, 0.0, 0.0, 3.0, 6.0, 0.0, 0.0, 0.0, 0.0, 0.0, 0.0, 6.0, 0.0, 12.0, 0.0, 0.0, 0.0, 0.0, 12.0, 0.0]
0.25, -5.654122758125, [0.0, 4.0, 0.0, 0.0, 2.0, 0.0, 2.0, 0.0, 2.0, 0.5, 0.0, 0.5, 1.0, 0.0, 1.0, 0.0, -1.0, 0.5, 0.0, -2.0, 0.0, -2.0, 0.0, 2.0, 0.0, 0.0, -4.0, 0.0, -4.0, 0.0, 0.0, 0.0, 0.0, 0.0, 0.0, 0.0, 0.0, 0.0, 0.0, 0.0, 0.0, 0.0, 0.0, -1.0, 1.0, 0.0, 0.0, 0.0, 0.0, 6.0, 6.0, 0.0, 0.0, 0.0, 0.0, 0.0, 0.0, 6.0, 0.0, 0.0, 6.0, 0.0, 0.0, 0.0, 3.0, 0.0, 0.0, 3.0, 6.0, 0.0, 0.0, 0.0, 0.0, 0.0, 0.0, 6.0, 0.0, 12.0, 0.0, 0.0, 0.0, 0.0, 12.0, 0.0]
0.25, -5.67194763375, [1.0, 2.0, 1.0, 0.25, 1.5, 0.25, 1.0, 2.0, 1.0, 0.25, 0.5, 0.25, 0.5, 1.0, 0.5, -0.25, -0.5, 0.25, 0.0, -1.0, -0.5, -1.0, 0.0, 0.625, 0.5, -0.25, -1.0, -0.25, -2.0, 0.0, -1.0, 0.25, 0.0, 0.0, 0.0, 0.0, 0.375, 0.0, 0.0, -0.75, 0.0, 0.0, -0.25, 0.0, 0.75, 0.0, 0.75, 2.25, 0.75, 2.25, 2.25, 0.75, 2.25, 0.75, 1.5, 3.0, 3.0, 1.5, 3.0, 1.5, 1.5, 0.0, 1.5, 1.5, 1.5, 1.5, 0.0, 1.5, 1.5, 1.5, 1.5, 1.5, 1.5, 1.5, 1.5, 1.5, 1.5, 4.5, 4.5, 1.5, 1.5, 4.5, 4.5, 1.5]
0.25, -5.687174749375, [1.0, 2.0, 1.0, 0.5, 1.0, 0.5, 0.0, 4.0, 0.0, 0.5, 0.0, 0.5, 0.0, 2.0, 0.0, -0.5, 0.0, 0.5, -1.0, 0.0, -1.0, 0.0, 0.0, 1.0, 0.0, -2.0, 0.0, -2.0, 0.0, -2.0, 0.0, 2.0, 0.0, 0.0, 0.0, 0.0, 0.5, 0.0, 0.0, 0.0, 0.0, 0.0, 0.0, 0.0, 0.0, 0.0, 3.0, 0.0, 0.0, 3.0, 3.0, 0.0, 0.0, 3.0, 0.0, 6.0, 6.0, 0.0, 6.0, 0.0, 0.0, 0.0, 3.0, 3.0, 0.0, 3.0, 0.0, 0.0, 0.0, 0.0, 6.0, 0.0, 0.0, 6.0, 0.0, 0.0, 0.0, 0.0, 6.0, 6.0, 6.0, 6.0, 0.0, 0.0]
0.25, -5.671946059375, [1.0, 2.0, 1.0, 0.25, 1.5, 0.25, 1.0, 2.0, 1.0, 0.25, 0.5, 0.25, 0.5, 1.0, 0.5, -0.25, -0.5, 0.25, 0.0, -1.0, -0.5, -1.0, -0.5, 0.625, 0.0, 0.75, -1.0, -0.25, -1.0, -1.0, 0.0, 0.25, -1.0, 0.0, 0.0, 0.0, 0.0, 0.0, 0.25, 0.0, 0.25, 0.0, 0.0, -0.75, 0.0, 0.0, 0.75, 2.25, 0.75, 2.25, 2.25, 0.75, 2.25, 0.75, 1.5, 3.0, 3.0, 1.5, 3.0, 1.5, 1.5, 0.0, 1.5, 1.5, 1.5, 1.5, 0.0, 1.5, 1.5, 1.5, 1.5, 1.5, 1.5, 1.5, 1.5, 1.5, 1.5, 4.5, 4.5, 1.5, 1.5, 4.5, 4.5, 1.5]
0.25, -5.662658419375, [0.0, 4.0, 0.0, 1.0, 0.0, 1.0, 0.0, 4.0, 0.0, 0.0, 1.0, 0.0, 1.0, 0.0, 1.0, -1.0, 1.0, 0.0, 0.0, 0.0, 0.0, 0.0, -2.0, 0.0, 0.0, 0.0, 4.0, 0.0, 0.0, -4.0, 0.0, 0.0, 2.0, 0.0, 1.0, 0.0, 0.0, 0.0, 0.0, 0.0, 0.0, 0.0, 0.0, 0.0, 0.0, 0.0, 0.0, 0.0, 6.0, 0.0, 0.0, 6.0, 0.0, 0.0, 0.0, 0.0, 0.0, 6.0, 0.0, 0.0, 6.0, 3.0, 0.0, 0.0, 0.0, 0.0, 3.0, 0.0, 0.0, 0.0, 0.0, 6.0, 6.0, 0.0, 0.0, 0.0, 0.0, 0.0, 0.0, 12.0, 12.0, 0.0, 0.0, 0.0]
0.375, -6.460058235625, [2.0, 2.0, 0.0, 1.0, 1.0, 0.0, 2.0, 2.0, 0.0, 0.75, 0.0, 0.25, 1.0, 1.0, 0.0, 1.0, 1.0, 0.75, 2.0, 2.0, 1.0, 1.0, 0.0, 1.0, 0.0, 2.0, 2.0, 2.0, 2.0, 2.0, 0.0, 1.0, 0.0, 0.625, 0.1875, 0.0, 1.0, 0.0, 0.375, 0.375, 0.375, 0.375, 1.25, 1.0, 1.0, 0.0, 6.0, 0.0, 0.0, 3.0, 3.0, 0.0, 0.0, 0.0, 3.0, 6.0, 6.0, 0.0, 0.0, 0.0, 3.0, 1.5, 3.0, 3.0, 0.0, 0.0, 0.0, 1.5, 6.0, 0.0, 3.0, 0.0, 0.0, 3.0, 0.0, 0.0, 6.0, 6.0, 6.0, 0.0, 6.0, 0.0, 0.0, 0.0]
0.375, -6.4675374475, [2.0, 2.0, 0.0, 1.0, 1.0, 0.0, 2.0, 2.0, 0.0, 0.5, 0.5, 0.0, 1.5, 0.0, 0.5, 0.0, 0.5, 0.5, 0.0, 2.0, 0.0, 1.0, 0.5, 1.5, 0.5, 0.0, 2.0, -1.0, 2.0, 1.0, 0.0, 0.0, -1.0, 0.8125, 0.59375, 0.0, 0.375, 0.0, 1.1875, 1.1875, 0.1875, 1.1875, 0.625, 1.0, 1.0, 0.0, 3.0, 3.0, 3.0, 0.0, 3.0, 0.0, 0.0, 0.0, 6.0, 0.0, 0.0, 3.0, 0.0, 0.0, 3.0, 3.0, 0.0, 0.0, 1.5, 0.0, 0.0, 1.5, 6.0, 0.0, 0.0, 3.0, 3.0, 0.0, 0.0, 0.0, 6.0, 6.0, 6.0, 0.0, 6.0, 0.0, 0.0, 0.0]
0.375, -6.475040961875, [2.0, 2.0, 0.0, 1.0, 1.0, 0.0, 2.0, 2.0, 0.0, 0.75, 0.0, 0.25, 1.0, 1.0, 0.0, -0.5, 0.0, 0.25, -1.0, 0.0, 0.375, 0.0, 0.0, 0.0, 0.0, -2.75, 0.0, -2.75, 0.0, 0.75, 0.0, 1.0, 0.0, -0.375, 0.375, -0.375, 0.46875, -0.375, 0.0, 0.75, 0.0, 0.75, -0.75, 0.8125, 0.9375, 0.25, 6.0, 0.0, 0.0, 3.0, 3.0, 0.0, 0.0, 0.0, 3.0, 6.0, 6.0, 0.0, 0.0, 0.0, 3.0, 1.5, 3.0, 3.0, 0.0, 0.0, 0.0, 1.5, 6.0, 0.0, 3.0, 0.0, 0.0, 3.0, 0.0, 0.0, 6.0, 6.0, 6.0, 0.0, 6.0, 0.0, 0.0, 0.0]
0.375, -6.435982720625, [2.0, 2.0, 0.0, 1.0, 1.0, 0.0, 3.0, 0.0, 1.0, 0.5, 0.5, 0.0, 1.0, 1.0, 0.0, 0.0, -1.0, 0.5, 0.0, -1.0, -0.75, -1.0, -0.75, 1.0, -0.75, 1.5, -2.0, 0.0, -2.0, 0.0, 1.0, 0.0, 0.0, 0.75, 0.0, 0.0, 0.375, 0.0, 0.5, 0.0, 1.0625, 1.0625, 1.875, -1.0, 1.0, 0.0, 3.0, 3.0, 3.0, 0.0, 3.0, 0.0, 0.0, 0.0, 3.0, 6.0, 6.0, 0.0, 0.0, 0.0, 3.0, 1.5, 3.0, 3.0, 0.0, 0.0, 0.0, 1.5, 6.0, 3.0, 0.0, 0.0, 0.0, 0.0, 3.0, 0.0, 12.0, 6.0, 0.0, 0.0, 0.0, 0.0, 6.0, 0.0]
0.375, -6.459615171875, [2.0, 2.0, 0.0, 1.0, 1.0, 0.0, 2.0, 2.0, 0.0, 0.5, 0.5, 0.0, 1.5, 0.0, 0.5, 0.0, 0.5, 0.0, -2.0, 0.0, 0.0, 1.0, 0.75, -0.25, 0.0, 0.0, -2.0, -4.0, 1.5, 1.5, 0.0, 0.0, 1.0, -0.5625, 0.03125, 0.0, 0.25, -0.75, -2.0, 2.0, 0.0, 0.0, 0.0, 0.8125, 0.9375, 0.25, 3.0, 3.0, 3.0, 0.0, 3.0, 0.0, 0.0, 0.0, 6.0, 0.0, 0.0, 3.0, 0.0, 0.0, 3.0, 3.0, 0.0, 0.0, 1.5, 0.0, 0.0, 1.5, 6.0, 0.0, 0.0, 3.0, 3.0, 0.0, 0.0, 0.0, 6.0, 6.0, 6.0, 0.0, 6.0, 0.0, 0.0, 0.0]
0.375, -6.4656297425, [2.5, 1.0, 0.5, 1.0, 1.0, 0.0, 2.0, 2.0, 0.0, 0.5, 0.5, 0.0, 1.0, 1.0, 0.0, 0.0, -1.0, 0.5, -0.5, -2.0, -0.25, -1.0, 0.75, 0.5, 0.25, -1.0, 0.0, 0.5, -1.0, -1.0, -1.0, 1.0, -1.0, 0.25, -0.375, 0.0, 0.625, 0.0, 1.0, -1.0, 0.25, -1.0, 0.75, -0.25, 0.75, 0.0, 4.5, 3.0, 1.5, 0.0, 1.5, 0.0, 1.5, 0.0, 6.0, 3.0, 3.0, 0.0, 3.0, 0.0, 0.0, 1.5, 3.0, 3.0, 0.0, 0.0, 0.0, 1.5, 3.0, 3.0, 3.0, 0.0, 3.0, 0.0, 0.0, 0.0, 9.0, 3.0, 6.0, 0.0, 3.0, 3.0, 0.0, 0.0]
0.375, -6.459629015625, [2.0, 2.0, 0.0, 1.25, 0.5, 0.25, 2.0, 2.0, 0.0, 0.5, 0.5, 0.0, 1.0, 1.0, 0.0, -0.25, 0.0, 0.5, -1.0, 0.0, -0.5, 0.0, 0.375, 0.25, -0.125, -1.25, 0.0, -1.0, -0.75, -0.75, 0.75, 1.5, -0.75, 0.9375, 0.53125, 0.0, 0.59375, 0.0, 0.25, 1.0, 0.8125, 1.0, 1.6875, -0.1875, 0.1875, 0.0, 4.5, 1.5, 3.0, 0.0, 1.5, 1.5, 0.0, 0.0, 3.0, 6.0, 6.0, 0.0, 0.0, 0.0, 3.0, 3.0, 1.5, 1.5, 0.0, 1.5, 0.0, 0.0, 3.0, 3.0, 3.0, 0.0, 3.0, 0.0, 0.0, 0.0, 9.0, 3.0, 3.0, 3.0, 6.0, 0.0, 0.0, 0.0]
0.375, -6.47722014, [2.0, 2.0, 0.0, 1.0, 1.0, 0.0, 2.0, 2.0, 0.0, 0.5, 0.5, 0.0, 1.5, 0.0, 0.5, -1.0, 0.5, 0.0, 0.0, 0.0, 0.0, -1.0, 0.0, 0.75, 0.75, 0.0, 2.0, -1.5, -1.5, 0.0, 0.0, 0.0, 1.0, 0.0, 1.0, -0.75, 0.0, 0.0, -0.9375, 0.0625, 0.0, 1.5, -1.5, 0.9375, 0.8125, 0.25, 3.0, 3.0, 3.0, 0.0, 3.0, 0.0, 0.0, 0.0, 6.0, 0.0, 0.0, 3.0, 0.0, 0.0, 3.0, 3.0, 0.0, 0.0, 1.5, 0.0, 0.0, 1.5, 6.0, 0.0, 0.0, 3.0, 3.0, 0.0, 0.0, 0.0, 6.0, 6.0, 6.0, 0.0, 6.0, 0.0, 0.0, 0.0]
0.375, -6.4790117775, [2.0, 2.0, 0.0, 1.0, 1.0, 0.0, 2.0, 2.0, 0.0, 0.5, 0.5, 0.0, 1.5, 0.0, 0.5, -1.0, 1.5, 0.5, -2.0, 2.0, 0.0, 1.0, 0.0, 1.5, 0.0, 0.0, 2.0, -4.0, 2.0, 0.0, 0.0, 0.0, 1.0, 0.0, 1.0, 0.0, 0.5, 0.0, -2.0, 2.0, 0.0, 2.0, 0.0, 1.0, 1.0, 0.0, 3.0, 3.0, 3.0, 0.0, 3.0, 0.0, 0.0, 0.0, 6.0, 0.0, 0.0, 3.0, 0.0, 0.0, 3.0, 3.0, 0.0, 0.0, 1.5, 0.0, 0.0, 1.5, 6.0, 0.0, 0.0, 3.0, 3.0, 0.0, 0.0, 0.0, 6.0, 6.0, 6.0, 0.0, 6.0, 0.0, 0.0, 0.0]
0.375, -6.46259848375, [2.5, 1.0, 0.5, 1.0, 1.0, 0.0, 2.0, 2.0, 0.0, 0.5, 0.5, 0.0, 1.0, 1.0, 0.0, 0.5, 0.0, 0.5, 0.5, 0.0, 0.125, 0.0, 0.375, 0.5, -0.125, 1.0, 0.0, 1.75, -0.75, 1.0, -0.75, 1.0, 0.75, 0.6875, 0.09375, 0.0, 0.71875, 0.0, 1.1875, 1.1875, 0.4375, 0.9375, 1.625, 0.1875, 0.8125, 0.0, 4.5, 3.0, 1.5, 0.0, 1.5, 0.0, 1.5, 0.0, 6.0, 3.0, 3.0, 0.0, 3.0, 0.0, 0.0, 1.5, 3.0, 3.0, 0.0, 0.0, 0.0, 1.5, 3.0, 3.0, 3.0, 0.0, 3.0, 0.0, 0.0, 0.0, 9.0, 3.0, 6.0, 0.0, 3.0, 3.0, 0.0, 0.0]
0.5, -7.26464146625, [4.0, 0.0, 0.0, 2.0, 0.0, 0.0, 4.0, 0.0, 0.0, 1.0, 0.0, 0.0, 2.0, 0.0, 0.0, 0.0, 2.0, 0.0, 0.0, 0.0, 0.0, 0.0, 0.0, 0.0, 0.0, 0.0, 0.0, 0.0, 0.0, 0.0, 0.0, 0.0, 0.0, 1.0, 1.5, 1.0, 1.25, 1.0, -1.0, 3.0, 2.625, 2.625, 2.75, 1.0, 0.0, 1.0, 12.0, 0.0, 0.0, 0.0, 0.0, 0.0, 0.0, 0.0, 12.0, 0.0, 0.0, 0.0, 0.0, 0.0, 0.0, 6.0, 0.0, 0.0, 0.0, 0.0, 0.0, 0.0, 12.0, 0.0, 0.0, 0.0, 0.0, 0.0, 0.0, 0.0, 24.0, 0.0, 0.0, 0.0, 0.0, 0.0, 0.0, 0.0]
0.5, -7.28326634375, [4.0, 0.0, 0.0, 2.0, 0.0, 0.0, 4.0, 0.0, 0.0, 1.0, 0.0, 0.0, 2.0, 0.0, 0.0, 0.0, 0.0, 1.0, 0.0, 0.0, 0.0, 0.0, 0.0, 0.0, 0.0, 0.0, 0.0, 0.0, 0.0, 0.0, 0.0, 0.0, 0.0, 1.875, 1.0625, 0.0, 2.0, 0.0, 2.125, 2.125, 2.125, 2.125, 3.75, 0.0, 2.0, 0.0, 12.0, 0.0, 0.0, 0.0, 0.0, 0.0, 0.0, 0.0, 12.0, 0.0, 0.0, 0.0, 0.0, 0.0, 0.0, 6.0, 0.0, 0.0, 0.0, 0.0, 0.0, 0.0, 12.0, 0.0, 0.0, 0.0, 0.0, 0.0, 0.0, 0.0, 24.0, 0.0, 0.0, 0.0, 0.0, 0.0, 0.0, 0.0]
0.5, -7.322045005625, [4.0, 0.0, 0.0, 2.0, 0.0, 0.0, 4.0, 0.0, 0.0, 1.0, 0.0, 0.0, 2.0, 0.0, 0.0, -1.0, 1.0, 0.5, -2.0, 2.0, 0.0, 0.0, 0.0, 0.0, 0.0, 0.0, 0.0, 0.0, 0.0, 0.0, 0.0, 0.0, 0.0, 0.4375, 1.78125, 0.25, 1.8125, 0.25, -0.4375, 3.5625, -0.4375, 3.5625, 0.875, 0.9375, 1.3125, -0.75, 12.0, 0.0, 0.0, 0.0, 0.0, 0.0, 0.0, 0.0, 12.0, 0.0, 0.0, 0.0, 0.0, 0.0, 0.0, 6.0, 0.0, 0.0, 0.0, 0.0, 0.0, 0.0, 12.0, 0.0, 0.0, 0.0, 0.0, 0.0, 0.0, 0.0, 24.0, 0.0, 0.0, 0.0, 0.0, 0.0, 0.0, 0.0]
0.25, -5.6513080275, [0.0, 4.0, 0.0, 0.0, 2.0, 0.0, 2.0, 0.0, 2.0, 0.5, 0.0, 0.5, 1.0, 0.0, 1.0, 0.0, 0.0, 0.0, 0.0, 0.0, 0.0, 0.0, 0.0, 0.0, 0.0, 0.0, 0.0, 0.0, 0.0, 0.0, 0.0, 0.0, 0.0, 0.0, 0.0, 0.0, 0.0, 0.0, 0.0, 0.0, 0.0, 0.0, 0.0, 0.8125, 0.9375, 0.25, 0.0, 0.0, 0.0, 6.0, 6.0, 0.0, 0.0, 0.0, 0.0, 0.0, 0.0, 6.0, 0.0, 0.0, 6.0, 0.0, 0.0, 0.0, 3.0, 0.0, 0.0, 3.0, 6.0, 0.0, 0.0, 0.0, 0.0, 0.0, 0.0, 6.0, 0.0, 12.0, 0.0, 0.0, 0.0, 0.0, 12.0, 0.0]
0.3125, -6.057679725625, [1.0, 3.0, 0.0, 0.5, 1.5, 0.0, 2.0, 1.0, 1.0, 0.5, 0.25, 0.25, 1.0, 0.5, 0.5, 0.5, 1.0, 0.5, 1.0, 2.0, 0.5, 1.5, 0.5, 1.25, 0.5, 1.0, 3.0, 1.0, 3.0, 1.0, 0.0, 0.0, 0.0, 0.3125, 0.09375, 0.0, 0.375, 0.0, 0.1875, 0.1875, 0.1875, 0.1875, 0.625, 1.0, 1.0, 0.0, 1.5, 1.5, 1.5, 3.0, 4.5, 0.0, 0.0, 0.0, 1.5, 3.0, 3.0, 3.0, 0.0, 0.0, 4.5, 0.75, 1.5, 1.5, 1.5, 0.0, 0.0, 2.25, 6.0, 0.0, 0.0, 1.5, 0.0, 1.5, 1.5, 1.5, 3.0, 9.0, 3.0, 0.0, 3.0, 0.0, 6.0, 0.0]
0.3125, -6.078209885625, [1.5, 2.0, 0.5, 0.75, 1.0, 0.25, 1.0, 3.0, 0.0, 0.5, 0.25, 0.25, 0.5, 1.5, 0.0, -0.25, -0.5, 0.5, -0.5, -1.0, -0.875, -0.5, 0.375, 0.625, 0.375, -0.25, -1.0, -0.25, -1.0, -1.75, 0.0, 1.75, -1.0, 0.375, 0.0, 0.0, 0.59375, 0.0, 0.25, 0.0, 0.25, 0.0, 0.75, -0.25, 0.0, 0.0, 3.75, 0.75, 0.75, 2.25, 2.25, 0.75, 0.75, 0.75, 1.5, 6.0, 6.0, 0.0, 3.0, 0.0, 1.5, 0.75, 3.0, 3.0, 0.0, 1.5, 0.0, 0.75, 1.5, 1.5, 4.5, 0.0, 1.5, 3.0, 0.0, 0.0, 3.0, 3.0, 6.0, 3.0, 6.0, 3.0, 0.0, 0.0]
0.3125, -6.0626779125, [1.0, 3.0, 0.0, 1.0, 0.5, 0.5, 1.0, 3.0, 0.0, 0.25, 0.75, 0.0, 1.0, 0.5, 0.5, -1.0, 1.0, 0.25, -1.0, 1.0, 0.0, 0.0, -1.0, 0.75, 0.0, 0.0, 3.0, -2.0, 0.5, -2.0, 0.75, 0.25, 1.25, 0.0, 1.0, 0.0, 0.25, 0.0, -1.0, 0.0, 0.0, 1.5, 0.0, 0.1875, 0.5625, 0.0, 1.5, 1.5, 4.5, 0.0, 1.5, 3.0, 0.0, 0.0, 1.5, 3.0, 3.0, 3.0, 0.0, 0.0, 4.5, 3.0, 0.0, 0.0, 0.75, 1.5, 0.75, 0.0, 1.5, 1.5, 1.5, 3.0, 4.5, 0.0, 0.0, 0.0, 3.0, 3.0, 3.0, 6.0, 9.0, 0.0, 0.0, 0.0]
0.3125, -6.053705383125, [1.0, 3.0, 0.0, 0.5, 1.5, 0.0, 2.0, 1.0, 1.0, 0.5, 0.25, 0.25, 1.0, 0.5, 0.5, 0.0, -1.0, 0.5, 0.0, -2.0, -0.375, -1.5, -0.375, 1.25, -0.375, 0.75, -3.0, 0.75, -3.0, -0.75, 0.0, 0.0, 0.0, 0.375, 0.0, 0.0, 0.28125, 0.0, 0.25, 0.0, 0.25, 0.0, 0.75, -1.0, 1.0, 0.0, 1.5, 1.5, 1.5, 3.0, 4.5, 0.0, 0.0, 0.0, 1.5, 3.0, 3.0, 3.0, 0.0, 0.0, 4.5, 0.75, 1.5, 1.5, 1.5, 0.0, 0.0, 2.25, 6.0, 0.0, 0.0, 1.5, 0.0, 1.5, 1.5, 1.5, 3.0, 9.0, 3.0, 0.0, 3.0, 0.0, 6.0, 0.0]
0.3125, -6.08448848375, [2.0, 1.0, 1.0, 0.5, 1.5, 0.0, 1.0, 3.0, 0.0, 0.25, 0.75, 0.0, 1.0, 0.5, 0.5, -0.5, 0.0, 0.25, 0.0, -1.0, 0.0, -0.5, -1.0, 0.25, 0.0, 0.0, 0.0, -0.5, 0.0, -2.0, 0.0, 0.25, 0.0, 0.0, 0.5, 0.0, 0.0, 0.0, 1.0625, 1.0625, 0.5, 0.0, 0.0, -0.75, 0.0, 0.0, 1.5, 4.5, 1.5, 0.0, 1.5, 0.0, 3.0, 0.0, 6.0, 0.0, 0.0, 1.5, 3.0, 1.5, 0.0, 0.75, 1.5, 1.5, 1.5, 0.0, 0.0, 2.25, 1.5, 1.5, 1.5, 3.0, 4.5, 0.0, 0.0, 0.0, 3.0, 3.0, 9.0, 0.0, 3.0, 6.0, 0.0, 0.0]
0.3125, -6.066598689375, [1.5, 2.0, 0.5, 0.75, 1.0, 0.25, 1.0, 3.0, 0.0, 0.5, 0.25, 0.25, 0.5, 1.5, 0.0, -0.25, 0.5, 0.0, -0.5, -1.0, -0.5, 0.5, 0.0, -0.375, 0.0, 1.0, 1.0, -0.75, -1.0, -1.25, -1.0, 1.0, 0.75, 0.0, 0.0, 0.125, 0.84375, 0.125, -1.0, 0.0, 0.75, 0.0, 0.25, 0.0, -0.25, 0.0, 3.75, 0.75, 0.75, 2.25, 2.25, 0.75, 0.75, 0.75, 1.5, 6.0, 6.0, 0.0, 3.0, 0.0, 1.5, 0.75, 3.0, 3.0, 0.0, 1.5, 0.0, 0.75, 1.5, 1.5, 4.5, 0.0, 1.5, 3.0, 0.0, 0.0, 3.0, 3.0, 6.0, 3.0, 6.0, 3.0, 0.0, 0.0]
0.4375, -6.874182980625, [3.0, 1.0, 0.0, 1.5, 0.5, 0.0, 3.0, 1.0, 0.0, 0.75, 0.25, 0.0, 1.5, 0.5, 0.0, -0.5, 0.5, 0.25, -2.0, 1.0, -1.0, 0.5, -0.125, 0.375, -1.0, 0.25, -1.0, 0.0, -0.25, -0.25, 0.75, 0.25, 0.25, 0.4375, 0.78125, 0.25, 0.96875, 0.125, -1.25, 2.0, -0.5, 1.8125, 0.6875, -0.5, 0.5, -0.75, 7.5, 1.5, 1.5, 0.0, 1.5, 0.0, 0.0, 0.0, 7.5, 3.0, 3.0, 0.0, 0.0, 0.0, 1.5, 3.75, 1.5, 1.5, 0.0, 0.0, 0.0, 0.75, 7.5, 1.5, 1.5, 0.0, 1.5, 0.0, 0.0, 0.0, 15.0, 3.0, 3.0, 0.0, 3.0, 0.0, 0.0, 0.0]
0.4375, -6.868150240625, [3.0, 1.0, 0.0, 1.5, 0.5, 0.0, 3.0, 1.0, 0.0, 0.75, 0.25, 0.0, 1.5, 0.5, 0.0, -0.5, 0.5, 0.25, -1.0, 3.0, 0.0, 0.5, 0.0, 0.75, 0.0, -2.0, 1.0, 1.0, 1.0, 1.0, 0.75, -1.0, 0.0, 0.8125, 1.09375, 0.5, 1.125, 0.5, 1.1875, 2.1875, -1.8125, 2.1875, 0.625, 1.0, 1.0, -0.25, 7.5, 1.5, 1.5, 0.0, 1.5, 0.0, 0.0, 0.0, 7.5, 3.0, 3.0, 0.0, 0.0, 0.0, 1.5, 3.75, 1.5, 1.5, 0.0, 0.0, 0.0, 0.75, 7.5, 1.5, 1.5, 0.0, 1.5, 0.0, 0.0, 0.0, 15.0, 3.0, 3.0, 0.0, 3.0, 0.0, 0.0, 0.0]
0.4375, -6.888736515625, [3.0, 1.0, 0.0, 1.5, 0.5, 0.0, 3.0, 1.0, 0.0, 0.75, 0.25, 0.0, 1.5, 0.5, 0.0, -0.5, 0.5, 0.75, -1.0, 1.0, 0.0, 0.5, 0.75, 0.25, 0.75, -2.0, 1.0, -2.0, 1.0, 0.0, 0.0, 0.75, -1.0, 0.9375, 1.03125, 0.0, 1.1875, 0.0, 1.0625, 2.0625, 1.0625, 2.0625, 1.875, 0.75, 1.0, 0.0, 7.5, 1.5, 1.5, 0.0, 1.5, 0.0, 0.0, 0.0, 7.5, 3.0, 3.0, 0.0, 0.0, 0.0, 1.5, 3.75, 1.5, 1.5, 0.0, 0.0, 0.0, 0.75, 7.5, 1.5, 1.5, 0.0, 1.5, 0.0, 0.0, 0.0, 15.0, 3.0, 3.0, 0.0, 3.0, 0.0, 0.0, 0.0]
0.4375, -6.857838466875, [3.0, 1.0, 0.0, 1.5, 0.5, 0.0, 3.0, 1.0, 0.0, 0.75, 0.25, 0.0, 1.5, 0.5, 0.0, 0.5, 0.5, 0.75, 1.0, 1.0, 0.5, 0.5, 0.0, 0.75, 0.0, 1.0, 1.0, 1.0, 1.0, 1.0, -1.0, 0.25, 0.0, 1.125, 0.6875, 0.0, 1.25, 0.0, 1.375, 1.375, 1.375, 1.375, 2.25, 1.0, 1.75, 0.0, 7.5, 1.5, 1.5, 0.0, 1.5, 0.0, 0.0, 0.0, 7.5, 3.0, 3.0, 0.0, 0.0, 0.0, 1.5, 3.75, 1.5, 1.5, 0.0, 0.0, 0.0, 0.75, 7.5, 1.5, 1.5, 0.0, 1.5, 0.0, 0.0, 0.0, 15.0, 3.0, 3.0, 0.0, 3.0, 0.0, 0.0, 0.0]
0.4375, -6.868001514375, [3.0, 1.0, 0.0, 1.5, 0.5, 0.0, 3.0, 1.0, 0.0, 0.75, 0.25, 0.0, 1.5, 0.5, 0.0, 0.0, -0.5, 0.75, 0.0, -1.0, -0.125, -0.5, -0.125, 0.75, -0.125, 0.25, -1.0, 0.25, -1.0, -0.25, 0.75, 0.25, 0.25, 0.5625, 0.78125, 0.0, 1.03125, 0.0, 2.3125, 1.5625, 2.3125, 1.5625, 1.125, -0.8125, 1.5625, 0.0, 7.5, 1.5, 1.5, 0.0, 1.5, 0.0, 0.0, 0.0, 7.5, 3.0, 3.0, 0.0, 0.0, 0.0, 1.5, 3.75, 1.5, 1.5, 0.0, 0.0, 0.0, 0.75, 7.5, 1.5, 1.5, 0.0, 1.5, 0.0, 0.0, 0.0, 15.0, 3.0, 3.0, 0.0, 3.0, 0.0, 0.0, 0.0]
0.4375, -6.8887344275, [3.0, 1.0, 0.0, 1.5, 0.5, 0.0, 3.0, 1.0, 0.0, 0.75, 0.25, 0.0, 1.5, 0.5, 0.0, -0.5, 0.5, 0.75, -1.0, 1.0, 0.0, 0.5, 0.5, 0.75, 0.5, -2.0, 1.0, -2.0, 1.0, 0.0, 0.0, 0.25, -1.0, 0.8125, 1.09375, 0.0, 1.125, 0.0, 1.1875, 2.1875, 1.1875, 2.1875, 1.625, 0.25, 1.0, 0.0, 7.5, 1.5, 1.5, 0.0, 1.5, 0.0, 0.0, 0.0, 7.5, 3.0, 3.0, 0.0, 0.0, 0.0, 1.5, 3.75, 1.5, 1.5, 0.0, 0.0, 0.0, 0.75, 7.5, 1.5, 1.5, 0.0, 1.5, 0.0, 0.0, 0.0, 15.0, 3.0, 3.0, 0.0, 3.0, 0.0, 0.0, 0.0]
0.4375, -6.920306906875, [3.0, 1.0, 0.0, 1.5, 0.5, 0.0, 3.0, 1.0, 0.0, 0.75, 0.25, 0.0, 1.5, 0.5, 0.0, -1.5, 1.5, 0.75, -3.0, 3.0, 0.0, 0.5, 0.0, 0.75, 0.0, -2.0, 1.0, -2.0, 1.0, 0.0, 0.75, 0.25, 0.25, 0.0, 1.5, 0.0, 1.25, 0.0, -2.0, 3.0, -2.0, 3.0, 0.0, 1.1875, 1.5625, 0.0, 7.5, 1.5, 1.5, 0.0, 1.5, 0.0, 0.0, 0.0, 7.5, 3.0, 3.0, 0.0, 0.0, 0.0, 1.5, 3.75, 1.5, 1.5, 0.0, 0.0, 0.0, 0.75, 7.5, 1.5, 1.5, 0.0, 1.5, 0.0, 0.0, 0.0, 15.0, 3.0, 3.0, 0.0, 3.0, 0.0, 0.0, 0.0]
0.4375, -6.892399390625, [3.0, 1.0, 0.0, 1.5, 0.5, 0.0, 3.0, 1.0, 0.0, 0.75, 0.25, 0.0, 1.5, 0.5, 0.0, -1.0, 0.5, 0.25, -1.0, 1.0, -0.375, -0.5, -1.0, -0.375, -0.125, 0.0, 1.0, 0.75, 0.25, -2.0, 0.25, 0.75, 0.75, 0.375, 1.0, 0.375, 0.90625, 0.5, 0.1875, 1.1875, -0.75, 1.4375, 0.8125, -0.5, 0.0, -0.75, 7.5, 1.5, 1.5, 0.0, 1.5, 0.0, 0.0, 0.0, 7.5, 3.0, 3.0, 0.0, 0.0, 0.0, 1.5, 3.75, 1.5, 1.5, 0.0, 0.0, 0.0, 0.75, 7.5, 1.5, 1.5, 0.0, 1.5, 0.0, 0.0, 0.0, 15.0, 3.0, 3.0, 0.0, 3.0, 0.0, 0.0, 0.0]
0.4375, -6.87418232375, [3.0, 1.0, 0.0, 1.5, 0.5, 0.0, 3.0, 1.0, 0.0, 0.75, 0.25, 0.0, 1.5, 0.5, 0.0, -0.5, 0.5, 0.25, -2.0, 1.0, -1.0, 0.5, -0.375, 0.375, -1.0, 0.75, -1.0, 0.0, -0.75, -0.75, 0.75, 0.25, 0.25, 0.9375, 0.53125, 0.75, 0.90625, 0.375, -1.75, 2.0, -0.9375, 1.25, 1.6875, -0.375, -0.125, -0.25, 7.5, 1.5, 1.5, 0.0, 1.5, 0.0, 0.0, 0.0, 7.5, 3.0, 3.0, 0.0, 0.0, 0.0, 1.5, 3.75, 1.5, 1.5, 0.0, 0.0, 0.0, 0.75, 7.5, 1.5, 1.5, 0.0, 1.5, 0.0, 0.0, 0.0, 15.0, 3.0, 3.0, 0.0, 3.0, 0.0, 0.0, 0.0]
0.3888888888888889, -6.550923961111112, [2.4074074074074074, 1.4074074074074074, 0.18518518518518517, 1.1851851851851851, 0.7407407407407407, 0.07407407407407407, 2.3703703703703702, 1.4814814814814814, 0.14814814814814814, 0.5555555555555556, 0.4444444444444444, 0.0, 1.2592592592592593, 0.5925925925925926, 0.14814814814814814, 0.5925925925925926, 0.8148148148148148, 0.4074074074074074, 1.4444444444444444, 1.7037037037037037, 0.42592592592592593, 0.6296296296296297, 0.4444444444444444, 0.3333333333333333, 0.7037037037037037, 0.5555555555555556, 0.8148148148148148, 0.6481481481481481, 1.0925925925925926, 0.6111111111111112, 0.35185185185185186, 0.37037037037037035, 0.3333333333333333, 0.7222222222222222, 0.6111111111111112, 0.14814814814814814, 0.9351851851851852, 0.14814814814814814, 1.0925925925925926, 1.2037037037037037, 0.8703703703703703, 1.1111111111111112, 1.4814814814814814, 0.7407407407407407, 0.8333333333333334, 0.037037037037037035, 5.0, 2.2222222222222223, 2.111111111111111, 0.0, 1.6666666666666667, 0.4444444444444444, 0.5555555555555556, 0.0, 5.888888888888889, 2.6666666666666665, 2.6666666666666665, 0.7777777777777778, 0.8888888888888888, 0.1111111111111111, 1.6666666666666667, 2.8333333333333335, 1.4444444444444444, 1.4444444444444444, 0.3888888888888889, 0.3333333333333333, 0.05555555555555555, 0.9444444444444444, 5.333333333333333, 1.7777777777777777, 1.3333333333333333, 0.8888888888888888, 2.2222222222222223, 0.0, 0.4444444444444444, 0.0, 10.722222222222221, 3.5, 3.7222222222222223, 0.7222222222222222, 3.5, 0.9444444444444444, 0.7222222222222222, 0.16666666666666666]
0.3888888888888889, -6.556769661481481, [2.4074074074074074, 1.4074074074074074, 0.18518518518518517, 1.1851851851851851, 0.7407407407407407, 0.07407407407407407, 2.3703703703703702, 1.4814814814814814, 0.14814814814814814, 0.5555555555555556, 0.4444444444444444, 0.0, 1.2592592592592593, 0.5925925925925926, 0.14814814814814814, -0.2222222222222222, -0.07407407407407407, 0.4074074074074074, -0.3333333333333333, 0.0, -0.14814814814814814, -0.037037037037037035, -0.018518518518518517, 0.3148148148148148, 0.05555555555555555, 0.07407407407407407, 0.0, -0.25925925925925924, -0.07407407407407407, 0.037037037037037035, 0.14814814814814814, 0.4074074074074074, -0.037037037037037035, 0.3333333333333333, 0.25925925925925924, 0.09259259259259259, 0.8240740740740741, 0.12962962962962962, 0.2222222222222222, 0.4074074074074074, 0.037037037037037035, 0.5555555555555556, 0.4444444444444444, -0.037037037037037035, 0.7407407407407407, -0.07407407407407407, 5.0, 2.2222222222222223, 2.111111111111111, 0.0, 1.6666666666666667, 0.4444444444444444, 0.5555555555555556, 0.0, 5.888888888888889, 2.6666666666666665, 2.6666666666666665, 0.7777777777777778, 0.8888888888888888, 0.1111111111111111, 1.6666666666666667, 2.8333333333333335, 1.4444444444444444, 1.4444444444444444, 0.3888888888888889, 0.3333333333333333, 0.05555555555555555, 0.9444444444444444, 5.333333333333333, 1.7777777777777777, 1.3333333333333333, 0.8888888888888888, 2.2222222222222223, 0.0, 0.4444444444444444, 0.0, 10.722222222222221, 3.5, 3.7222222222222223, 0.7222222222222222, 3.5, 0.9444444444444444, 0.7222222222222222, 0.16666666666666666]
0.3888888888888889, -6.553008608518518, [2.4814814814814814, 1.2592592592592593, 0.25925925925925924, 1.1481481481481481, 0.8148148148148148, 0.037037037037037035, 2.3703703703703702, 1.4814814814814814, 0.14814814814814814, 0.5925925925925926, 0.37037037037037035, 0.037037037037037035, 1.1851851851851851, 0.7407407407407407, 0.07407407407407407, 0.4074074074074074, 0.5925925925925926, 0.37037037037037035, 1.3703703703703705, 1.037037037037037, 0.35185185185185186, 0.4444444444444444, 0.16666666666666666, 0.2962962962962963, 0.5, 0.48148148148148145, 0.4444444444444444, 0.6111111111111112, 0.7592592592592593, 0.35185185185185186, 0.46296296296296297, 0.3333333333333333, 0.16666666666666666, 0.7222222222222222, 0.46296296296296297, 0.018518518518518517, 0.7962962962962963, 0.09259259259259259, 1.0185185185185186, 0.8333333333333334, 0.9629629629629629, 0.8518518518518519, 1.5, 0.5370370370370371, 0.9074074074074074, 0.1111111111111111, 5.388888888888889, 2.0555555555555554, 1.5, 0.3888888888888889, 1.7222222222222223, 0.16666666666666666, 0.7222222222222222, 0.05555555555555555, 5.888888888888889, 3.111111111111111, 3.111111111111111, 0.3333333333333333, 1.3333333333333333, 0.1111111111111111, 1.2222222222222223, 2.4444444444444446, 2.0, 2.0, 0.2222222222222222, 0.2222222222222222, 0.0, 1.1111111111111112, 5.277777777777778, 1.8333333333333333, 1.8333333333333333, 0.3888888888888889, 1.8333333333333333, 0.3888888888888889, 0.3888888888888889, 0.05555555555555555, 10.777777777777779, 3.4444444444444446, 4.111111111111111, 0.3333333333333333, 3.0, 1.4444444444444444, 0.7777777777777778, 0.1111111111111111]
0.3888888888888889, -6.55011036574074, [2.4444444444444446, 1.3333333333333333, 0.2222222222222222, 1.1481481481481481, 0.8148148148148148, 0.037037037037037035, 2.3703703703703702, 1.4814814814814814, 0.14814814814814814, 0.5925925925925926, 0.37037037037037035, 0.037037037037037035, 1.2222222222222223, 0.6666666666666666, 0.1111111111111111, 0.037037037037037035, 0.4074074074074074, 0.2222222222222222, 0.4444444444444444, 0.7407407407407407, 0.09259259259259259, 0.2222222222222222, -0.05555555555555555, 0.42592592592592593, -0.037037037037037035, 0.2777777777777778, 0.5925925925925926, 0.037037037037037035, 0.5370370370370371, 0.1111111111111111, 0.24074074074074073, 0.18518518518518517, 0.07407407407407407, 0.6296296296296297, 0.49074074074074076, 0.09259259259259259, 0.6111111111111112, 0.2962962962962963, 0.5833333333333334, 0.7870370370370371, 0.8425925925925926, 1.1111111111111112, 1.0648148148148149, 0.5833333333333334, 0.7314814814814815, 0.14814814814814814, 5.277777777777778, 2.0555555555555554, 1.6111111111111112, 0.3888888888888889, 1.8333333333333333, 0.16666666666666666, 0.6111111111111112, 0.05555555555555555, 5.888888888888889, 2.888888888888889, 2.888888888888889, 0.5555555555555556, 1.1111111111111112, 0.1111111111111111, 1.4444444444444444, 2.5555555555555554, 1.7777777777777777, 1.7777777777777777, 0.3333333333333333, 0.2222222222222222, 0.0, 1.1111111111111112, 5.444444444444445, 1.6666666666666667, 1.6666666666666667, 0.5555555555555556, 1.8888888888888888, 0.3333333333333333, 0.3333333333333333, 0.1111111111111111, 10.61111111111111, 3.611111111111111, 4.055555555555555, 0.3888888888888889, 3.1666666666666665, 1.2777777777777777, 0.8333333333333334, 0.05555555555555555]
0.3888888888888889, -6.547292030555555, [2.4814814814814814, 1.2592592592592593, 0.25925925925925924, 1.1481481481481481, 0.8148148148148148, 0.037037037037037035, 2.3703703703703702, 1.4814814814814814, 0.14814814814814814, 0.5925925925925926, 0.37037037037037035, 0.037037037037037035, 1.1851851851851851, 0.7407407407407407, 0.07407407407407407, 0.18518518518518517, 0.07407407407407407, 0.2962962962962963, 0.5555555555555556, 0.0, -0.18518518518518517, -0.14814814814814814, 0.0, 0.3148148148148148, 0.018518518518518517, 0.3888888888888889, -0.14814814814814814, 0.48148148148148145, -0.42592592592592593, -0.018518518518518517, -0.2222222222222222, 0.2777777777777778, 0.07407407407407407, 0.6481481481481481, 0.25, 0.2037037037037037, 0.7037037037037037, 0.2222222222222222, 0.6944444444444444, 0.5648148148148148, 0.8148148148148148, 0.6759259259259259, 1.0648148148148149, 0.25, 0.6574074074074074, 0.037037037037037035, 5.388888888888889, 2.0555555555555554, 1.5, 0.3888888888888889, 1.7222222222222223, 0.16666666666666666, 0.7222222222222222, 0.05555555555555555, 5.888888888888889, 3.111111111111111, 3.111111111111111, 0.3333333333333333, 1.3333333333333333, 0.1111111111111111, 1.2222222222222223, 2.4444444444444446, 2.0, 2.0, 0.2222222222222222, 0.2222222222222222, 0.0, 1.1111111111111112, 5.277777777777778, 1.8333333333333333, 1.8333333333333333, 0.3888888888888889, 1.8333333333333333, 0.3888888888888889, 0.3888888888888889, 0.05555555555555555, 10.777777777777779, 3.4444444444444446, 4.111111111111111, 0.3333333333333333, 3.0, 1.4444444444444444, 0.7777777777777778, 0.1111111111111111]
0.3888888888888889, -6.531488223888889, [2.4814814814814814, 1.2592592592592593, 0.25925925925925924, 1.1481481481481481, 0.8148148148148148, 0.037037037037037035, 2.3703703703703702, 1.4814814814814814, 0.14814814814814814, 0.5925925925925926, 0.37037037037037035, 0.037037037037037035, 1.1851851851851851, 0.7407407407407407, 0.07407407407407407, 0.1111111111111111, 0.2962962962962963, 0.14814814814814814, 0.6296296296296297, 0.2962962962962963, -0.09259259259259259, 0.4444444444444444, 0.14814814814814814, 0.037037037037037035, 0.24074074074074073, 0.2962962962962963, 0.14814814814814814, 0.09259259259259259, 0.18518518518518517, -0.018518518518518517, 0.3333333333333333, 0.14814814814814814, 0.018518518518518517, 0.4074074074074074, 0.3425925925925926, 0.12962962962962962, 0.5277777777777778, 0.37037037037037035, 0.7870370370370371, 0.8240740740740741, 1.037037037037037, 0.75, 0.8611111111111112, 0.3333333333333333, 0.46296296296296297, 0.4444444444444444, 5.388888888888889, 2.0555555555555554, 1.5, 0.3888888888888889, 1.7222222222222223, 0.16666666666666666, 0.7222222222222222, 0.05555555555555555, 5.888888888888889, 3.111111111111111, 3.111111111111111, 0.3333333333333333, 1.3333333333333333, 0.1111111111111111, 1.2222222222222223, 2.4444444444444446, 2.0, 2.0, 0.2222222222222222, 0.2222222222222222, 0.0, 1.1111111111111112, 5.277777777777778, 1.8333333333333333, 1.8333333333333333, 0.3888888888888889, 1.8333333333333333, 0.3888888888888889, 0.3888888888888889, 0.05555555555555555, 10.777777777777779, 3.4444444444444446, 4.111111111111111, 0.3333333333333333, 3.0, 1.4444444444444444, 0.7777777777777778, 0.1111111111111111]
0.3888888888888889, -6.54359763037037, [2.2222222222222223, 1.7777777777777777, 0.0, 1.1111111111111112, 0.8888888888888888, 0.0, 2.4444444444444446, 1.3333333333333333, 0.2222222222222222, 0.7777777777777778, 0.0, 0.2222222222222222, 1.2222222222222223, 0.6666666666666666, 0.1111111111111111, 0.9629629629629629, 0.9259259259259259, 0.6296296296296297, 1.9259259259259258, 1.8518518518518519, 0.7592592592592593, 0.5925925925925926, 0.0, 0.5925925925925926, 0.0, 0.8518518518518519, 1.1851851851851851, 0.8518518518518519, 1.1851851851851851, 1.5185185185185186, 0.0, 0.6666666666666666, 0.0, 0.8148148148148148, 0.25, 0.037037037037037035, 1.1018518518518519, 0.037037037037037035, 0.9814814814814815, 0.5, 0.9814814814814815, 0.5, 1.6296296296296295, 1.1851851851851851, 1.1111111111111112, 0.14814814814814814, 6.666666666666667, 0.0, 0.0, 2.6666666666666665, 2.6666666666666665, 0.0, 0.0, 0.0, 4.666666666666667, 4.0, 4.0, 0.6666666666666666, 0.0, 0.0, 2.6666666666666665, 2.3333333333333335, 2.0, 2.0, 0.3333333333333333, 0.0, 0.0, 1.3333333333333333, 7.333333333333333, 0.0, 2.0, 0.0, 0.0, 2.0, 0.0, 0.6666666666666666, 9.333333333333334, 5.333333333333333, 4.0, 0.0, 4.0, 0.0, 1.3333333333333333, 0.0]
0.3888888888888889, -6.5420486853703705, [2.2222222222222223, 1.7777777777777777, 0.0, 1.1111111111111112, 0.8888888888888888, 0.0, 2.4444444444444446, 1.3333333333333333, 0.2222222222222222, 0.7777777777777778, 0.0, 0.2222222222222222, 1.2222222222222223, 0.6666666666666666, 0.1111111111111111, 0.5925925925925926, 0.25925925925925924, 0.3333333333333333, 1.037037037037037, 0.5185185185185185, 0.4074074074074074, 0.14814814814814814, 0.0, 0.14814814814814814, 0.0, 0.5925925925925926, 0.2962962962962963, 0.5925925925925926, 0.14814814814814814, 0.8148148148148148, 0.0, 0.5185185185185185, 0.0, 0.6481481481481481, 0.1574074074074074, 0.14814814814814814, 0.9629629629629629, 0.07407407407407407, 1.0740740740740742, 0.4444444444444444, 0.9629629629629629, 0.35185185185185186, 1.3888888888888888, 0.8518518518518519, 0.8888888888888888, 0.18518518518518517, 6.666666666666667, 0.0, 0.0, 2.6666666666666665, 2.6666666666666665, 0.0, 0.0, 0.0, 4.666666666666667, 4.0, 4.0, 0.6666666666666666, 0.0, 0.0, 2.6666666666666665, 2.3333333333333335, 2.0, 2.0, 0.3333333333333333, 0.0, 0.0, 1.3333333333333333, 7.333333333333333, 0.0, 2.0, 0.0, 0.0, 2.0, 0.0, 0.6666666666666666, 9.333333333333334, 5.333333333333333, 4.0, 0.0, 4.0, 0.0, 1.3333333333333333, 0.0]
0.3888888888888889, -6.5499924362962965, [2.2222222222222223, 1.7777777777777777, 0.0, 1.1111111111111112, 0.8888888888888888, 0.0, 2.4444444444444446, 1.3333333333333333, 0.2222222222222222, 0.7777777777777778, 0.0, 0.2222222222222222, 1.2222222222222223, 0.6666666666666666, 0.1111111111111111, 0.37037037037037035, 0.037037037037037035, 0.6296296296296297, 0.7407407407407407, 0.07407407407407407, 0.24074074074074073, 0.0, 0.0, 0.5925925925925926, 0.0, 0.7037037037037037, 0.0, 0.7037037037037037, 0.0, 0.48148148148148145, 0.0, 0.6666666666666666, 0.0, 0.7407407407407407, 0.25, 0.037037037037037035, 1.0833333333333333, 0.037037037037037035, 1.1296296296296295, 0.5, 1.1296296296296295, 0.5, 1.4814814814814814, 0.18518518518518517, 1.1851851851851851, 0.0, 6.666666666666667, 0.0, 0.0, 2.6666666666666665, 2.6666666666666665, 0.0, 0.0, 0.0, 4.666666666666667, 4.0, 4.0, 0.6666666666666666, 0.0, 0.0, 2.6666666666666665, 2.3333333333333335, 2.0, 2.0, 0.3333333333333333, 0.0, 0.0, 1.3333333333333333, 7.333333333333333, 0.0, 2.0, 0.0, 0.0, 2.0, 0.0, 0.6666666666666666, 9.333333333333334, 5.333333333333333, 4.0, 0.0, 4.0, 0.0, 1.3333333333333333, 0.0]
0.3888888888888889, -6.548934254259259, [2.2222222222222223, 1.7777777777777777, 0.0, 1.1111111111111112, 0.8888888888888888, 0.0, 2.4444444444444446, 1.3333333333333333, 0.2222222222222222, 0.7777777777777778, 0.0, 0.2222222222222222, 1.2222222222222223, 0.6666666666666666, 0.1111111111111111, 0.0, 0.25925925925925924, 0.037037037037037035, 0.7407407407407407, 0.07407407407407407, 0.12962962962962962, 0.14814814814814814, 0.0, 0.14814814814814814, 0.0, 0.18518518518518517, 0.2962962962962963, 0.18518518518518517, -0.14814814814814814, 0.25925925925925924, 0.0, -0.07407407407407407, 0.0, 0.37037037037037035, 0.37962962962962965, 0.1111111111111111, 0.4074074074074074, 0.48148148148148145, 0.7222222222222222, 0.35185185185185186, 0.9351851851851852, 0.5648148148148148, 0.5, 0.7407407407407407, 0.5555555555555556, 0.4074074074074074, 6.666666666666667, 0.0, 0.0, 2.6666666666666665, 2.6666666666666665, 0.0, 0.0, 0.0, 4.666666666666667, 4.0, 4.0, 0.6666666666666666, 0.0, 0.0, 2.6666666666666665, 2.3333333333333335, 2.0, 2.0, 0.3333333333333333, 0.0, 0.0, 1.3333333333333333, 7.333333333333333, 0.0, 2.0, 0.0, 0.0, 2.0, 0.0, 0.6666666666666666, 9.333333333333334, 5.333333333333333, 4.0, 0.0, 4.0, 0.0, 1.3333333333333333, 0.0]
0.3888888888888889, -6.545576534074074, [2.2222222222222223, 1.7777777777777777, 0.0, 1.1111111111111112, 0.8888888888888888, 0.0, 2.4444444444444446, 1.3333333333333333, 0.2222222222222222, 0.7777777777777778, 0.0, 0.2222222222222222, 1.2222222222222223, 0.6666666666666666, 0.1111111111111111, 1.1111111111111112, 1.2222222222222223, 0.7777777777777778, 2.2222222222222223, 2.4444444444444446, 0.8888888888888888, 0.8888888888888888, 0.0, 0.8888888888888888, 0.0, 0.8888888888888888, 1.7777777777777777, 0.8888888888888888, 1.7777777777777777, 1.7777777777777777, 0.0, 0.6666666666666666, 0.0, 0.8333333333333334, 0.25, 0.0, 1.1111111111111112, 0.0, 0.9444444444444444, 0.5, 0.9444444444444444, 0.5, 1.6666666666666667, 1.2222222222222223, 1.2222222222222223, 0.0, 6.666666666666667, 0.0, 0.0, 2.6666666666666665, 2.6666666666666665, 0.0, 0.0, 0.0, 4.666666666666667, 4.0, 4.0, 0.6666666666666666, 0.0, 0.0, 2.6666666666666665, 2.3333333333333335, 2.0, 2.0, 0.3333333333333333, 0.0, 0.0, 1.3333333333333333, 7.333333333333333, 0.0, 2.0, 0.0, 0.0, 2.0, 0.0, 0.6666666666666666, 9.333333333333334, 5.333333333333333, 4.0, 0.0, 4.0, 0.0, 1.3333333333333333, 0.0]
0.5, -7.252964118703704, [4.0, 0.0, 0.0, 2.0, 0.0, 0.0, 4.0, 0.0, 0.0, 1.0, 0.0, 0.0, 2.0, 0.0, 0.0, 1.4074074074074074, 1.4074074074074074, 0.8518518518518519, 2.814814814814815, 2.814814814814815, 0.0, 0.0, 0.0, 0.0, 0.0, 0.0, 0.0, 0.0, 0.0, 0.0, 0.0, 0.0, 0.0, 1.8888888888888888, 1.0555555555555556, 0.14814814814814814, 1.962962962962963, 0.14814814814814814, 2.111111111111111, 2.111111111111111, 2.111111111111111, 2.111111111111111, 3.7777777777777777, 1.6851851851851851, 1.9444444444444444, 0.07407407407407407, 12.0, 0.0, 0.0, 0.0, 0.0, 0.0, 0.0, 0.0, 12.0, 0.0, 0.0, 0.0, 0.0, 0.0, 0.0, 6.0, 0.0, 0.0, 0.0, 0.0, 0.0, 0.0, 12.0, 0.0, 0.0, 0.0, 0.0, 0.0, 0.0, 0.0, 24.0, 0.0, 0.0, 0.0, 0.0, 0.0, 0.0, 0.0]
0.5, -7.281118863148148, [4.0, 0.0, 0.0, 2.0, 0.0, 0.0, 4.0, 0.0, 0.0, 1.0, 0.0, 0.0, 2.0, 0.0, 0.0, -0.2222222222222222, -0.2222222222222222, 0.4074074074074074, 0.7407407407407407, -1.037037037037037, 0.0, 0.0, 0.0, 0.0, 0.0, 0.0, 0.0, 0.0, 0.0, 0.0, 0.0, 0.0, 0.0, 0.7222222222222222, 0.3055555555555556, -0.37037037037037035, 1.0, 0.2222222222222222, 1.537037037037037, 0.35185185185185186, 1.5740740740740742, 0.42592592592592593, 0.9629629629629629, 0.0, 1.1851851851851851, 0.2962962962962963, 12.0, 0.0, 0.0, 0.0, 0.0, 0.0, 0.0, 0.0, 12.0, 0.0, 0.0, 0.0, 0.0, 0.0, 0.0, 6.0, 0.0, 0.0, 0.0, 0.0, 0.0, 0.0, 12.0, 0.0, 0.0, 0.0, 0.0, 0.0, 0.0, 0.0, 24.0, 0.0, 0.0, 0.0, 0.0, 0.0, 0.0, 0.0]
0.5, -7.252678576851851, [4.0, 0.0, 0.0, 2.0, 0.0, 0.0, 4.0, 0.0, 0.0, 1.0, 0.0, 0.0, 2.0, 0.0, 0.0, 1.1111111111111112, 1.2592592592592593, 0.7037037037037037, 2.2222222222222223, 2.3703703703703702, 0.0, 0.0, 0.0, 0.0, 0.0, 0.0, 0.0, 0.0, 0.0, 0.0, 0.0, 0.0, 0.0, 1.8333333333333333, 1.0833333333333333, 0.25925925925925924, 1.8981481481481481, 0.25925925925925924, 1.8703703703703705, 2.1666666666666665, 2.0, 2.1481481481481484, 3.7037037037037037, 1.6111111111111112, 1.7592592592592593, 0.25925925925925924, 12.0, 0.0, 0.0, 0.0, 0.0, 0.0, 0.0, 0.0, 12.0, 0.0, 0.0, 0.0, 0.0, 0.0, 0.0, 6.0, 0.0, 0.0, 0.0, 0.0, 0.0, 0.0, 12.0, 0.0, 0.0, 0.0, 0.0, 0.0, 0.0, 0.0, 24.0, 0.0, 0.0, 0.0, 0.0, 0.0, 0.0, 0.0]
0.5, -7.258910024814815, [4.0, 0.0, 0.0, 2.0, 0.0, 0.0, 4.0, 0.0, 0.0, 1.0, 0.0, 0.0, 2.0, 0.0, 0.0, 0.5185185185185185, 0.8148148148148148, 0.4074074074074074, 1.6296296296296295, 1.4814814814814814, 0.0, 0.0, 0.0, 0.0, 0.0, 0.0, 0.0, 0.0, 0.0, 0.0, 0.0, 0.0, 0.0, 1.5925925925925926, 1.2037037037037037, 0.2222222222222222, 1.5185185185185186, 0.5185185185185185, 1.8518518518518519, 1.8518518518518519, 1.962962962962963, 2.1481481481481484, 2.8518518518518516, 1.5, 1.537037037037037, 0.25925925925925924, 12.0, 0.0, 0.0, 0.0, 0.0, 0.0, 0.0, 0.0, 12.0, 0.0, 0.0, 0.0, 0.0, 0.0, 0.0, 6.0, 0.0, 0.0, 0.0, 0.0, 0.0, 0.0, 12.0, 0.0, 0.0, 0.0, 0.0, 0.0, 0.0, 0.0, 24.0, 0.0, 0.0, 0.0, 0.0, 0.0, 0.0, 0.0]
0.5, -7.262729869999999, [4.0, 0.0, 0.0, 2.0, 0.0, 0.0, 4.0, 0.0, 0.0, 1.0, 0.0, 0.0, 2.0, 0.0, 0.0, 0.37037037037037035, 0.6666666666666666, 0.4074074074074074, 1.1851851851851851, 1.037037037037037, 0.0, 0.0, 0.0, 0.0, 0.0, 0.0, 0.0, 0.0, 0.0, 0.0, 0.0, 0.0, 0.0, 1.5, 1.0277777777777777, 0.14814814814814814, 1.5092592592592593, 0.37037037037037035, 1.5, 1.7962962962962963, 1.7407407407407407, 1.9814814814814814, 2.759259259259259, 1.3518518518518519, 1.537037037037037, 0.3333333333333333, 12.0, 0.0, 0.0, 0.0, 0.0, 0.0, 0.0, 0.0, 12.0, 0.0, 0.0, 0.0, 0.0, 0.0, 0.0, 6.0, 0.0, 0.0, 0.0, 0.0, 0.0, 0.0, 12.0, 0.0, 0.0, 0.0, 0.0, 0.0, 0.0, 0.0, 24.0, 0.0, 0.0, 0.0, 0.0, 0.0, 0.0, 0.0]
0.5, -7.274092110370371, [4.0, 0.0, 0.0, 2.0, 0.0, 0.0, 4.0, 0.0, 0.0, 1.0, 0.0, 0.0, 2.0, 0.0, 0.0, 0.2222222222222222, 0.6666666666666666, 0.7037037037037037, 0.7407407407407407, 1.3333333333333333, 0.0, 0.0, 0.0, 0.0, 0.0, 0.0, 0.0, 0.0, 0.0, 0.0, 0.0, 0.0, 0.0, 1.462962962962963, 1.2685185185185186, 0.25925925925925924, 1.6944444444444444, 0.4074074074074074, 1.537037037037037, 2.1296296296296298, 1.7592592592592593, 2.314814814814815, 2.740740740740741, 0.9629629629629629, 1.5555555555555556, 0.2962962962962963, 12.0, 0.0, 0.0, 0.0, 0.0, 0.0, 0.0, 0.0, 12.0, 0.0, 0.0, 0.0, 0.0, 0.0, 0.0, 6.0, 0.0, 0.0, 0.0, 0.0, 0.0, 0.0, 12.0, 0.0, 0.0, 0.0, 0.0, 0.0, 0.0, 0.0, 24.0, 0.0, 0.0, 0.0, 0.0, 0.0, 0.0, 0.0]
0.5, -7.28478835537037, [4.0, 0.0, 0.0, 2.0, 0.0, 0.0, 4.0, 0.0, 0.0, 1.0, 0.0, 0.0, 2.0, 0.0, 0.0, -0.37037037037037035, 0.2222222222222222, -0.037037037037037035, 0.5925925925925926, 0.0, 0.0, 0.0, 0.0, 0.0, 0.0, 0.0, 0.0, 0.0, 0.0, 0.0, 0.0, 0.0, 0.0, 0.8703703703703703, 0.7870370370370371, -0.1111111111111111, 0.6203703703703703, 0.5555555555555556, 1.2037037037037037, 1.2037037037037037, 1.2962962962962963, 1.5740740740740742, 0.8703703703703703, 0.8333333333333334, 0.6481481481481481, 0.2962962962962963, 12.0, 0.0, 0.0, 0.0, 0.0, 0.0, 0.0, 0.0, 12.0, 0.0, 0.0, 0.0, 0.0, 0.0, 0.0, 6.0, 0.0, 0.0, 0.0, 0.0, 0.0, 0.0, 12.0, 0.0, 0.0, 0.0, 0.0, 0.0, 0.0, 0.0, 24.0, 0.0, 0.0, 0.0, 0.0, 0.0, 0.0, 0.0]
0.25925925925925924, -5.733156390925926, [0.9629629629629629, 2.2222222222222223, 0.8148148148148148, 0.5925925925925926, 0.8888888888888888, 0.5185185185185185, 0.9629629629629629, 2.2222222222222223, 0.8148148148148148, 0.25925925925925924, 0.5185185185185185, 0.2222222222222222, 0.5925925925925926, 0.8888888888888888, 0.5185185185185185, -0.2222222222222222, 0.2222222222222222, 0.18518518518518517, -0.14814814814814814, 0.37037037037037035, -0.037037037037037035, 0.2222222222222222, -0.1111111111111111, 0.5555555555555556, 0.16666666666666666, -0.3148148148148148, 0.6296296296296297, -0.1111111111111111, 0.46296296296296297, -0.3888888888888889, 0.037037037037037035, 0.3333333333333333, 0.2222222222222222, 0.14814814814814814, 0.2777777777777778, 0.018518518518518517, 0.23148148148148148, 0.0, 0.10185185185185185, 0.26851851851851855, 0.018518518518518517, 0.39814814814814814, 0.17592592592592593, 0.2037037037037037, 0.2777777777777778, 0.037037037037037035, 1.4444444444444444, 1.4444444444444444, 2.111111111111111, 1.2222222222222223, 1.6666666666666667, 1.6666666666666667, 1.0, 1.4444444444444444, 1.6111111111111112, 2.5555555555555554, 2.5555555555555554, 2.0555555555555554, 2.7777777777777777, 1.0555555555555556, 1.9444444444444444, 1.1111111111111112, 1.3333333333333333, 1.3333333333333333, 0.6666666666666666, 1.3333333333333333, 0.8888888888888888, 0.6666666666666666, 1.5555555555555556, 1.3333333333333333, 1.5555555555555556, 1.7777777777777777, 2.0, 1.3333333333333333, 1.1111111111111112, 1.3333333333333333, 3.111111111111111, 2.6666666666666665, 2.6666666666666665, 4.0, 4.0, 2.6666666666666665, 2.6666666666666665, 2.2222222222222223]
0.3888888888888889, -6.548551045555555, [2.4074074074074074, 1.4074074074074074, 0.18518518518518517, 1.1111111111111112, 0.7777777777777778, 0.037037037037037035, 2.4814814814814814, 1.4814814814814814, 0.14814814814814814, 0.7407407407407407, 0.2222222222222222, 0.1111111111111111, 1.0740740740740742, 0.7037037037037037, 0.07407407407407407, 0.8888888888888888, 0.8518518518518519, 0.6666666666666666, 1.8888888888888888, 2.037037037037037, 0.4074074074074074, 0.5925925925925926, 0.07407407407407407, 0.5, 0.09259259259259259, 1.0, 0.7777777777777778, 1.1296296296296295, 1.0925925925925926, 0.6296296296296297, 0.4074074074074074, 0.5370370370370371, 0.1111111111111111, 0.6296296296296297, 0.4074074074074074, 0.018518518518518517, 0.8703703703703703, 0.05555555555555555, 0.7777777777777778, 1.0185185185185186, 0.7222222222222222, 0.8703703703703703, 1.4074074074074074, 0.7962962962962963, 0.8888888888888888, 0.018518518518518517, 5.777777777777778, 1.2222222222222223, 0.8888888888888888, 1.1111111111111112, 1.8888888888888888, 0.1111111111111111, 0.4444444444444444, 0.1111111111111111, 5.055555555555555, 3.388888888888889, 3.388888888888889, 0.3333333333333333, 0.8333333333333334, 0.1111111111111111, 1.3888888888888888, 2.111111111111111, 1.7777777777777777, 1.7777777777777777, 0.2222222222222222, 0.2222222222222222, 0.0, 1.0, 5.611111111111111, 1.0, 1.8888888888888888, 0.2222222222222222, 1.0555555555555556, 1.1111111111111112, 0.2222222222222222, 0.2222222222222222, 9.944444444444445, 3.7222222222222223, 3.9444444444444446, 0.3333333333333333, 3.388888888888889, 0.9444444444444444, 0.7222222222222222, 0.1111111111111111]
0.3888888888888889, -6.546032813148148, [2.4074074074074074, 1.4074074074074074, 0.18518518518518517, 1.1111111111111112, 0.7777777777777778, 0.037037037037037035, 2.4814814814814814, 1.4814814814814814, 0.14814814814814814, 0.7407407407407407, 0.2222222222222222, 0.1111111111111111, 1.0740740740740742, 0.7037037037037037, 0.07407407407407407, 0.6666666666666666, 0.6296296296296297, 0.5185185185185185, 1.6666666666666667, 1.4444444444444444, 0.35185185185185186, 0.4444444444444444, 0.037037037037037035, 0.3888888888888889, 0.1111111111111111, 1.0925925925925926, 0.6296296296296297, 1.1481481481481481, 0.6666666666666666, 0.4074074074074074, 0.3148148148148148, 0.5, 0.05555555555555555, 0.6666666666666666, 0.37037037037037035, 0.018518518518518517, 0.8611111111111112, 0.07407407407407407, 0.7685185185185185, 0.8796296296296297, 0.7222222222222222, 0.7592592592592593, 1.3888888888888888, 0.6944444444444444, 0.8611111111111112, 0.12962962962962962, 5.777777777777778, 1.2222222222222223, 0.8888888888888888, 1.1111111111111112, 1.8888888888888888, 0.1111111111111111, 0.4444444444444444, 0.1111111111111111, 5.055555555555555, 3.388888888888889, 3.388888888888889, 0.3333333333333333, 0.8333333333333334, 0.1111111111111111, 1.3888888888888888, 2.111111111111111, 1.7777777777777777, 1.7777777777777777, 0.2222222222222222, 0.2222222222222222, 0.0, 1.0, 5.611111111111111, 1.0, 1.8888888888888888, 0.2222222222222222, 1.0555555555555556, 1.1111111111111112, 0.2222222222222222, 0.2222222222222222, 9.944444444444445, 3.7222222222222223, 3.9444444444444446, 0.3333333333333333, 3.388888888888889, 0.9444444444444444, 0.7222222222222222, 0.1111111111111111]
0.3888888888888889, -6.544776906666666, [2.4074074074074074, 1.4074074074074074, 0.18518518518518517, 1.1111111111111112, 0.7777777777777778, 0.037037037037037035, 2.4814814814814814, 1.4814814814814814, 0.14814814814814814, 0.7407407407407407, 0.2222222222222222, 0.1111111111111111, 1.0740740740740742, 0.7037037037037037, 0.07407407407407407, 0.6666666666666666, 0.3333333333333333, 0.4444444444444444, 1.1481481481481481, 1.2222222222222223, 0.2222222222222222, 0.14814814814814814, 0.09259259259259259, 0.24074074074074073, 0.0, 0.8518518518518519, 0.18518518518518517, 0.9074074074074074, 0.5740740740740741, 0.2777777777777778, 0.18518518518518517, 0.5, 0.018518518518518517, 0.5555555555555556, 0.24074074074074073, 0.1111111111111111, 0.8148148148148148, 0.037037037037037035, 0.8518518518518519, 0.9444444444444444, 0.6111111111111112, 0.5833333333333334, 1.3611111111111112, 0.6851851851851852, 0.8518518518518519, 0.037037037037037035, 5.777777777777778, 1.2222222222222223, 0.8888888888888888, 1.1111111111111112, 1.8888888888888888, 0.1111111111111111, 0.4444444444444444, 0.1111111111111111, 5.055555555555555, 3.388888888888889, 3.388888888888889, 0.3333333333333333, 0.8333333333333334, 0.1111111111111111, 1.3888888888888888, 2.111111111111111, 1.7777777777777777, 1.7777777777777777, 0.2222222222222222, 0.2222222222222222, 0.0, 1.0, 5.611111111111111, 1.0, 1.8888888888888888, 0.2222222222222222, 1.0555555555555556, 1.1111111111111112, 0.2222222222222222, 0.2222222222222222, 9.944444444444445, 3.7222222222222223, 3.9444444444444446, 0.3333333333333333, 3.388888888888889, 0.9444444444444444, 0.7222222222222222, 0.1111111111111111]
0.3888888888888889, -6.545839819444445, [2.4074074074074074, 1.4074074074074074, 0.18518518518518517, 1.1111111111111112, 0.7777777777777778, 0.037037037037037035, 2.4814814814814814, 1.4814814814814814, 0.14814814814814814, 0.7407407407407407, 0.2222222222222222, 0.1111111111111111, 1.0740740740740742, 0.7037037037037037, 0.07407407407407407, 0.5925925925925926, 0.7037037037037037, 0.2962962962962963, 0.5555555555555556, 0.6296296296296297, 0.18518518518518517, 0.37037037037037035, 0.16666666666666666, 0.12962962962962962, -0.07407407407407407, 0.6296296296296297, 0.48148148148148145, 0.5555555555555556, 0.2777777777777778, 0.48148148148148145, 0.1111111111111111, 0.24074074074074073, 0.09259259259259259, 0.48148148148148145, 0.3148148148148148, 0.3148148148148148, 0.6018518518518519, 0.09259259259259259, 0.14814814814814814, 1.1481481481481481, 0.8055555555555556, 0.37037037037037035, 1.212962962962963, 0.5, 0.35185185185185186, 0.3148148148148148, 5.777777777777778, 1.2222222222222223, 0.8888888888888888, 1.1111111111111112, 1.8888888888888888, 0.1111111111111111, 0.4444444444444444, 0.1111111111111111, 5.055555555555555, 3.388888888888889, 3.388888888888889, 0.3333333333333333, 0.8333333333333334, 0.1111111111111111, 1.3888888888888888, 2.111111111111111, 1.7777777777777777, 1.7777777777777777, 0.2222222222222222, 0.2222222222222222, 0.0, 1.0, 5.611111111111111, 1.0, 1.8888888888888888, 0.2222222222222222, 1.0555555555555556, 1.1111111111111112, 0.2222222222222222, 0.2222222222222222, 9.944444444444445, 3.7222222222222223, 3.9444444444444446, 0.3333333333333333, 3.388888888888889, 0.9444444444444444, 0.7222222222222222, 0.1111111111111111]
0.3888888888888889, -6.551011472222222, [2.4074074074074074, 1.4074074074074074, 0.18518518518518517, 1.1111111111111112, 0.7777777777777778, 0.037037037037037035, 2.4814814814814814, 1.4814814814814814, 0.14814814814814814, 0.7407407407407407, 0.2222222222222222, 0.1111111111111111, 1.0740740740740742, 0.7037037037037037, 0.07407407407407407, 1.1111111111111112, 1.0740740740740742, 0.7407407407407407, 2.4074074074074074, 2.4814814814814814, 0.5555555555555556, 0.6666666666666666, 0.16666666666666666, 0.5740740740740741, 0.2962962962962963, 1.2777777777777777, 0.9259259259259259, 1.4259259259259258, 1.2592592592592593, 0.7962962962962963, 0.5555555555555556, 0.6111111111111112, 0.12962962962962962, 0.6666666666666666, 0.3888888888888889, 0.0, 0.9074074074074074, 0.0, 0.7407407407407407, 0.9629629629629629, 0.7037037037037037, 0.7962962962962963, 1.462962962962963, 0.7962962962962963, 0.9074074074074074, 0.0, 5.777777777777778, 1.2222222222222223, 0.8888888888888888, 1.1111111111111112, 1.8888888888888888, 0.1111111111111111, 0.4444444444444444, 0.1111111111111111, 5.055555555555555, 3.388888888888889, 3.388888888888889, 0.3333333333333333, 0.8333333333333334, 0.1111111111111111, 1.3888888888888888, 2.111111111111111, 1.7777777777777777, 1.7777777777777777, 0.2222222222222222, 0.2222222222222222, 0.0, 1.0, 5.611111111111111, 1.0, 1.8888888888888888, 0.2222222222222222, 1.0555555555555556, 1.1111111111111112, 0.2222222222222222, 0.2222222222222222, 9.944444444444445, 3.7222222222222223, 3.9444444444444446, 0.3333333333333333, 3.388888888888889, 0.9444444444444444, 0.7222222222222222, 0.1111111111111111]
0.25925925925925924, -5.732832620555556, [0.9629629629629629, 2.2222222222222223, 0.8148148148148148, 0.5925925925925926, 0.8888888888888888, 0.5185185185185185, 0.9629629629629629, 2.2222222222222223, 0.8148148148148148, 0.25925925925925924, 0.5185185185185185, 0.2222222222222222, 0.5925925925925926, 0.8888888888888888, 0.5185185185185185, 0.07407407407407407, -0.14814814814814814, -0.037037037037037035, 0.07407407407407407, -0.14814814814814814, 0.018518518518518517, -0.14814814814814814, 0.1111111111111111, -0.16666666666666666, 0.14814814814814814, 0.14814814814814814, -0.25925925925925924, 0.24074074074074073, 0.018518518518518517, 0.09259259259259259, -0.3333333333333333, -0.12962962962962962, 0.0, 0.12962962962962962, 0.0, 0.0, 0.1388888888888889, 0.0, 0.14814814814814814, -0.07407407407407407, 0.16666666666666666, -0.05555555555555555, 0.2037037037037037, 0.12037037037037036, 0.08333333333333333, -0.07407407407407407, 1.4444444444444444, 1.4444444444444444, 2.111111111111111, 1.2222222222222223, 1.6666666666666667, 1.6666666666666667, 1.0, 1.4444444444444444, 1.6111111111111112, 2.5555555555555554, 2.5555555555555554, 2.0555555555555554, 2.7777777777777777, 1.0555555555555556, 1.9444444444444444, 1.1111111111111112, 1.3333333333333333, 1.3333333333333333, 0.6666666666666666, 1.3333333333333333, 0.8888888888888888, 0.6666666666666666, 1.5555555555555556, 1.3333333333333333, 1.5555555555555556, 1.7777777777777777, 2.0, 1.3333333333333333, 1.1111111111111112, 1.3333333333333333, 3.111111111111111, 2.6666666666666665, 2.6666666666666665, 4.0, 4.0, 2.6666666666666665, 2.6666666666666665, 2.2222222222222223]
0.3888888888888889, -6.546181579444444, [2.4074074074074074, 1.4074074074074074, 0.18518518518518517, 1.1111111111111112, 0.7777777777777778, 0.037037037037037035, 2.4814814814814814, 1.4814814814814814, 0.14814814814814814, 0.7407407407407407, 0.2222222222222222, 0.1111111111111111, 1.0740740740740742, 0.7037037037037037, 0.07407407407407407, 0.4444444444444444, -0.1111111111111111, 0.2962962962962963, 0.5555555555555556, 0.7037037037037037, 0.037037037037037035, -0.2962962962962963, 0.0, 0.0, -0.018518518518518517, 0.5740740740740741, -0.6296296296296297, 0.37037037037037035, 0.42592592592592593, -0.07407407407407407, 0.12962962962962962, 0.4074074074074074, -0.1111111111111111, 0.5925925925925926, 0.14814814814814814, 0.4074074074074074, 0.6759259259259259, 0.2037037037037037, 0.7777777777777778, 0.7222222222222222, 0.5185185185185185, 0.5185185185185185, 1.1851851851851851, 0.5370370370370371, 0.5740740740740741, 0.0, 5.777777777777778, 1.2222222222222223, 0.8888888888888888, 1.1111111111111112, 1.8888888888888888, 0.1111111111111111, 0.4444444444444444, 0.1111111111111111, 5.055555555555555, 3.388888888888889, 3.388888888888889, 0.3333333333333333, 0.8333333333333334, 0.1111111111111111, 1.3888888888888888, 2.111111111111111, 1.7777777777777777, 1.7777777777777777, 0.2222222222222222, 0.2222222222222222, 0.0, 1.0, 5.611111111111111, 1.0, 1.8888888888888888, 0.2222222222222222, 1.0555555555555556, 1.1111111111111112, 0.2222222222222222, 0.2222222222222222, 9.944444444444445, 3.7222222222222223, 3.9444444444444446, 0.3333333333333333, 3.388888888888889, 0.9444444444444444, 0.7222222222222222, 0.1111111111111111]
0.0625, -5.00543232375, [0.09375, 0.8125, 3.09375, 0.046875, 0.40625, 1.546875, 0.0, 1.0, 3.0, 0.078125, 0.09375, 0.828125, 0.0, 0.5, 1.5, 0.0, 0.0, 0.0, 0.0, 0.0, 0.0, 0.0, 0.0, 0.0, 0.0, 0.0, 0.0, 0.0, 0.0, 0.0, 0.0, 0.0, 0.0, 0.0, 0.0, 0.0, 0.0, 0.0, 0.0, 0.0, 0.0, 0.0, 0.0, 0.0, 0.0, 0.0, 0.1171875, 0.1640625, 0.1640625, 1.0546875, 0.8203125, 0.3984375, 0.3984375, 8.8828125, 0.0, 0.5625, 0.5625, 0.9375, 2.4375, 8.0625, 0.0, 0.0, 0.28125, 0.28125, 0.46875, 1.21875, 4.03125, 0.0, 0.0, 0.0, 0.9375, 0.5625, 0.0, 1.5, 0.5625, 8.4375, 0.0, 0.0, 0.5625, 2.4375, 0.5625, 2.4375, 1.875, 16.125]
0.0, -4.94293232375, [0.0, 0.0, 4.0, 0.0, 0.0, 2.0, 0.0, 0.0, 4.0, 0.0, 0.0, 1.0, 0.0, 0.0, 2.0, 0.0, 0.0, 0.0, 0.0, 0.0, 0.0, 0.0, 0.0, 0.0, 0.0, 0.0, 0.0, 0.0, 0.0, 0.0, 0.0, 0.0, 0.0, 0.0, 0.0, 0.0, 0.0, 0.0, 0.0, 0.0, 0.0, 0.0, 0.0, 0.0, 0.0, 0.0, 0.0, 0.0, 0.0, 0.0, 0.0, 0.0, 0.0, 12.0, 0.0, 0.0, 0.0, 0.0, 0.0, 12.0, 0.0, 0.0, 0.0, 0.0, 0.0, 0.0, 6.0, 0.0, 0.0, 0.0, 0.0, 0.0, 0.0, 0.0, 0.0, 12.0, 0.0, 0.0, 0.0, 0.0, 0.0, 0.0, 0.0, 24.0]
