Clusters
[[1], [0]]
[[1, 1], [0.7071067811865476], [0]]
[[1, 2], [0.7071067811865476], [0]]
[[2, 2], [0.7071067811865476], [0]]
[[1, 1], [0.5], [0]]
[[1, 2], [0.5], [0]]
[[1, 1], [0.8660254037844386], [0]]
[[1, 2], [0.8660254037844386], [0]]
[[1, 1], [0.7071067811865476], [1]]
[[1, 1], [0.5], [1]]
[[1, 1], [0.8660254037844386], [1]]
[[1, 1, 1], [0.7071067811865476, 0.5, 0.5], [0]]
[[1, 1, 2], [0.7071067811865476, 0.5, 0.5], [0]]
[[1, 2, 1], [0.7071067811865476, 0.5, 0.5], [0]]
[[1, 2, 2], [0.7071067811865476, 0.5, 0.5], [0]]
[[2, 2, 1], [0.7071067811865476, 0.5, 0.5], [0]]
[[2, 1, 1], [0.7071067811865476, 0.5, 0.5], [0]]
[[2, 2, 2], [0.7071067811865476, 0.5, 0.5], [0]]
[[1, 1, 1], [0.7071067811865476, 0.5, 0.8660254037844386], [0]]
[[1, 1, 2], [0.7071067811865476, 0.5, 0.8660254037844386], [0]]
[[1, 2, 1], [0.7071067811865476, 0.5, 0.8660254037844386], [0]]
[[1, 2, 2], [0.7071067811865476, 0.5, 0.8660254037844386], [0]]
[[2, 1, 1], [0.7071067811865476, 0.5, 0.8660254037844386], [0]]
[[2, 1, 2], [0.7071067811865476, 0.5, 0.8660254037844386], [0]]
[[2, 2, 2], [0.7071067811865476, 0.5, 0.8660254037844386], [0]]
[[2, 2, 1], [0.7071067811865476, 0.5, 0.8660254037844386], [0]]
Counts
0.5, -7.2548362775, [1.5,0.0, 0.0, 3.0, 0.0, 4.0, 0.0, 6.0, 3.0, 4.0, 18.0, 0.0, 0.0, 0.0, 0.0, 0.0, 0.0, 36.0, 0.0, 0.0, 0.0, 0.0, 0.0, 0.0, 0.0]
0.375, -6.264201223125, [1.125, 3.0, 0.0, 1.5, 1.5, 3.0, 0.0, 1.0, -0.5, -2.0, 4.5, 4.5, 9.0, 0.0, 0.0, 9.0, 0.0, 18.0, 0.0, 0.0, 9.0, 9.0, 0.0, 0.0, 0.0]
0.375, -6.428232525, [1.125, 3.0, 0.0, 1.5, 1.5, 3.0, 0.0, -1.0, -0.5, 1.0, 4.5, 4.5, 9.0, 0.0, 0.0, 9.0, 0.0, 18.0, 0.0, 0.0, 9.0, 9.0, 0.0, 0.0, 0.0]
0.375, -6.433386435, [1.125, 3.0, 0.0, 1.5, 1.5, 3.0, 0.0, 3.0, 1.5, 3.0, 4.5, 4.5, 9.0, 0.0, 0.0, 9.0, 0.0, 18.0, 0.0, 0.0, 9.0, 9.0, 0.0, 0.0, 0.0]
0.375, -6.470706193125, [1.125, 2.0, 0.5, 1.5, 1.5, 2.0, 2.0, 3.5, 1.5, 2.0, 6.0, 4.5, 6.0, 0.0, 1.5, 6.0, 0.0, 12.0, 9.0, 6.0, 0.0, 6.0, 0.0, 0.0, 3.0]
0.3125, -6.091817645, [0.9375, 1.5, 1.5, 0.75, 2.25, 1.0, 3.0, 3.0, 0.75, 1.0, 2.25, 6.75, 4.5, 0.0, 4.5, 4.5, 0.0, 4.5, 13.5, 4.5, 0.0, 4.5, 0.0, 0.0, 9.0]
0.25, -5.69115918875, [0.75, 0.0, 3.0, 0.0, 3.0, 0.0, 4.0, -1.0, 0.0, 0.0, 0.0, 9.0, 0.0, 0.0, 9.0, 0.0, 0.0, 0.0, 18.0, 0.0, 0.0, 0.0, 0.0, 0.0, 18.0]
0.25, -5.71034231375, [0.75, 0.0, 3.0, 0.0, 3.0, 0.0, 4.0, 3.0, 0.0, 0.0, 0.0, 9.0, 0.0, 0.0, 9.0, 0.0, 0.0, 0.0, 18.0, 0.0, 0.0, 0.0, 0.0, 0.0, 18.0]
0.5, -7.24272436125, [1.5, 0.0, 0.0, 3.0, 0.0, 4.0, 0.0, 6.0, -3.0, -4.0, 18.0, 0.0, 0.0, 0.0, 0.0, 0.0, 0.0, 36.0, 0.0, 0.0, 0.0, 0.0, 0.0, 0.0, 0.0]
0.5, -7.24611362125, [1.5, 0.0, 0.0, 3.0, 0.0, 4.0, 0.0, 3.0, -1.5, -2.0, 18.0, 0.0, 0.0, 0.0, 0.0, 0.0, 0.0, 36.0, 0.0, 0.0, 0.0, 0.0, 0.0, 0.0, 0.0]
0.25, -5.660855673125, [0.75, 4.0, 1.0, 0.75, 1.5, 1.0, 2.0, 1.0, -0.75, -1.0, 1.5, 1.5, 6.0, 6.0, 1.5, 6.0, 1.5, 3.0, 3.0, 6.0, 6.0, 6.0, 6.0, 3.0, 3.0]
0.25, -5.638871819375, [0.75, 4.0, 1.0, 0.5, 2.0, 2.0, 0.0, -1.0, -0.5, 2.0, 0.0, 3.0, 6.0, 6.0, 3.0, 6.0, 0.0, 6.0, 0.0, 0.0, 12.0, 12.0, 0.0, 6.0, 0.0]
0.25, -5.602994719375, [0.75, 3.0, 1.5, 0.5, 2.0, 1.0, 2.0, 0.5, -0.25, -1.0, 0.75, 3.75, 4.5, 4.5, 3.75, 4.5, 0.75, 3.0, 6.0, 3.0, 6.0, 6.0, 3.0, 3.0, 6.0]
0.25, -5.660173285625, [0.75, 3.0, 1.5, 0.5, 2.0, 1.0, 2.0, -0.5, -0.5, 1.0, 0.75, 3.75, 4.5, 4.5, 3.75, 4.5, 0.75, 3.0, 6.0, 3.0, 6.0, 6.0, 3.0, 3.0, 6.0]
0.25, -5.654945330625, [0.75, 4.0, 1.0, 0.5, 2.0, 2.0, 0.0, 1.0, -0.5, -2.0, 0.0, 3.0, 6.0, 6.0, 3.0, 6.0, 0.0, 6.0, 0.0, 0.0, 12.0, 12.0, 0.0, 6.0, 0.0]
0.5, -7.243872056875, [1.5, 0.0, 0.0, 3.0, 0.0, 4.0, 0.0, 3.0, 1.5, 2.0, 18.0, 0.0, 0.0, 0.0, 0.0, 0.0, 0.0, 36.0, 0.0, 0.0, 0.0, 0.0, 0.0, 0.0, 0.0]
0.5, -7.240407225, [1.5, 0.0, 0.0, 3.0, 0.0, 4.0, 0.0, 0.0, 0.0, 4.0, 18.0, 0.0, 0.0, 0.0, 0.0, 0.0, 0.0, 36.0, 0.0, 0.0, 0.0, 0.0, 0.0, 0.0, 0.0]
0.3125, -6.0721607925, [0.9375, 3.5, 0.5, 1.25, 1.25, 1.0, 3.0, 2.0, 1.25, 1.0, 4.5, 1.5, 6.0, 4.5, 0.75, 6.0, 0.75, 4.5, 7.5, 10.5, 0.0, 4.5, 6.0, 0.0, 3.0]
0.3125, -6.0685189025, [0.9375, 1.5, 1.5, 0.75, 2.25, 1.0, 3.0, 0.0, -0.75, 1.0, 2.25, 6.75, 4.5, 0.0, 4.5, 4.5, 0.0, 4.5, 13.5, 4.5, 0.0, 4.5, 0.0, 0.0, 9.0]
0.4375, -6.846141203125, [1.3125, 1.5, 0.0, 2.25, 0.75, 3.0, 1.0, 0.5, 0.25, -1.0, 11.25, 2.25, 4.5, 0.0, 0.0, 4.5, 0.0, 22.5, 4.5, 4.5, 0.0, 4.5, 0.0, 0.0, 0.0]
0.4375, -6.856942741875, [1.3125, 1.5, 0.0, 2.25, 0.75, 3.0, 1.0, 4.5, 2.25, 3.0, 11.25, 2.25, 4.5, 0.0, 0.0, 4.5, 0.0, 22.5, 4.5, 4.5, 0.0, 4.5, 0.0, 0.0, 0.0]
0.4375, -6.8488809925, [1.3125, 1.5, 0.0, 2.25, 0.75, 3.0, 1.0, 1.5, -0.75, -3.0, 11.25, 2.25, 4.5, 0.0, 0.0, 4.5, 0.0, 22.5, 4.5, 4.5, 0.0, 4.5, 0.0, 0.0, 0.0]
0.4375, -6.85088977, [1.3125, 1.5, 0.0, 2.25, 0.75, 3.0, 1.0, 2.5, 0.75, 1.0, 11.25, 2.25, 4.5, 0.0, 0.0, 4.5, 0.0, 22.5, 4.5, 4.5, 0.0, 4.5, 0.0, 0.0, 0.0]
0.4375, -6.839853893125, [1.3125, 1.5, 0.0, 2.25, 0.75, 3.0, 1.0, 1.5, 0.75, 3.0, 11.25, 2.25, 4.5, 0.0, 0.0, 4.5, 0.0, 22.5, 4.5, 4.5, 0.0, 4.5, 0.0, 0.0, 0.0]
0.3888888888888889, -6.552128841111111, [1.7407407407407407, 2.0, 0.3333333333333333, 1.7407407407407407, 1.1851851851851851, 2.3703703703703702, 1.4814814814814814, 2.925925925925926, 1.3703703703703705, 2.0, 7.833333333333333, 3.1666666666666665, 5.222222222222222, 0.7777777777777778, 0.9444444444444444, 5.222222222222222, 0.05555555555555555, 16.055555555555557, 5.944444444444445, 4.833333333333333, 1.1666666666666667, 5.277777777777778, 0.7222222222222222, 0.16666666666666666, 1.8333333333333333]
0.3888888888888889, -6.5074557146296295, [1.7407407407407407, 2.0, 0.3333333333333333, 1.7407407407407407, 1.1851851851851851, 2.3703703703703702, 1.4814814814814814, 1.0740740740740742, 0.1111111111111111, 0.6666666666666666, 7.833333333333333, 3.1666666666666665, 5.222222222222222, 0.7777777777777778, 0.9444444444444444, 5.222222222222222, 0.05555555555555555, 16.055555555555557, 5.944444444444445, 4.833333333333333, 1.1666666666666667, 5.277777777777778, 0.7222222222222222, 0.16666666666666666, 1.8333333333333333]
0.3888888888888889, -6.552752934074074, [1.7407407407407407, 2.0, 0.3333333333333333, 1.7407407407407407, 1.1851851851851851, 2.3703703703703702, 1.4814814814814814, 1.0740740740740742, -0.48148148148148145, -0.07407407407407407, 7.833333333333333, 3.1666666666666665, 5.222222222222222, 0.7777777777777778, 0.9444444444444444, 5.222222222222222, 0.05555555555555555, 16.055555555555557, 5.944444444444445, 4.833333333333333, 1.1666666666666667, 5.277777777777778, 0.7222222222222222, 0.16666666666666666, 1.8333333333333333]
0.3888888888888889, -6.5551390905555555, [1.7407407407407407, 2.0, 0.3333333333333333, 1.7407407407407407, 1.1851851851851851, 2.3703703703703702, 1.4814814814814814, 3.6666666666666665, 1.7407407407407407, 2.3703703703703702, 7.833333333333333, 3.1666666666666665, 5.222222222222222, 0.7777777777777778, 0.9444444444444444, 5.222222222222222, 0.05555555555555555, 16.055555555555557, 5.944444444444445, 4.833333333333333, 1.1666666666666667, 5.277777777777778, 0.7222222222222222, 0.16666666666666666, 1.8333333333333333]
0.5, -7.252736525925926, [3.0, 0.0, 0.0, 3.0, 0.0, 4.0, 0.0, 5.111111111111111, 2.5555555555555554, 3.4074074074074074, 18.0, 0.0, 0.0, 0.0, 0.0, 0.0, 0.0, 36.0, 0.0, 0.0, 0.0, 0.0, 0.0, 0.0, 0.0]
0.5, -7.2602366655555555, [3.0, 0.0, 0.0, 3.0, 0.0, 4.0, 0.0, 0.9629629629629629, -0.4074074074074074, -0.14814814814814814, 18.0, 0.0, 0.0, 0.0, 0.0, 0.0, 0.0, 36.0, 0.0, 0.0, 0.0, 0.0, 0.0, 0.0, 0.0]
0.5, -7.255845377407407, [3.0, 0.0, 0.0, 3.0, 0.0, 4.0, 0.0, 6.0, 3.0, 4.0, 18.0, 0.0, 0.0, 0.0, 0.0, 0.0, 0.0, 36.0, 0.0, 0.0, 0.0, 0.0, 0.0, 0.0, 0.0]
0.25925925925925924, -5.7390453709259255, [0.7777777777777778, 2.962962962962963, 1.4074074074074074, 0.7777777777777778, 1.5555555555555556, 0.9629629629629629, 2.2222222222222223, 1.6296296296296295, 0.7777777777777778, 0.9629629629629629, 2.4444444444444446, 2.4444444444444446, 4.444444444444445, 4.444444444444445, 2.4444444444444446, 4.444444444444445, 1.7777777777777777, 4.5, 5.277777777777778, 4.833333333333333, 4.055555555555555, 4.166666666666667, 4.722222222222222, 3.2777777777777777, 5.166666666666667]
0.25925925925925924, -5.73813414037037, [0.7777777777777778, 2.962962962962963, 1.4074074074074074, 0.7777777777777778, 1.5555555555555556, 0.9629629629629629, 2.2222222222222223, 1.3333333333333333, 0.48148148148148145, 0.5925925925925926, 2.4444444444444446, 2.4444444444444446, 4.444444444444445, 4.444444444444445, 2.4444444444444446, 4.444444444444445, 1.7777777777777777, 4.5, 5.277777777777778, 4.833333333333333, 4.055555555555555, 4.166666666666667, 4.722222222222222, 3.2777777777777777, 5.166666666666667]
0.25925925925925924, -5.734887056296297, [0.7777777777777778, 2.962962962962963, 1.4074074074074074, 0.7777777777777778, 1.5555555555555556, 0.9629629629629629, 2.2222222222222223, 0.7407407407407407, 0.4074074074074074, 0.4444444444444444, 2.4444444444444446, 2.4444444444444446, 4.444444444444445, 4.444444444444445, 2.4444444444444446, 4.444444444444445, 1.7777777777777777, 4.5, 5.277777777777778, 4.833333333333333, 4.055555555555555, 4.166666666666667, 4.722222222222222, 3.2777777777777777, 5.166666666666667]
0.25925925925925924, -5.734947220740741, [0.7777777777777778, 2.962962962962963, 1.4074074074074074, 0.7777777777777778, 1.5555555555555556, 0.9629629629629629, 2.2222222222222223, 0.2962962962962963, 0.48148148148148145, 0.14814814814814814, 2.4444444444444446, 2.4444444444444446, 4.444444444444445, 4.444444444444445, 2.4444444444444446, 4.444444444444445, 1.7777777777777777, 4.5, 5.277777777777778, 4.833333333333333, 4.055555555555555, 4.166666666666667, 4.722222222222222, 3.2777777777777777, 5.166666666666667]
0.25925925925925924, -5.732259543703703, [0.7777777777777778, 2.962962962962963, 1.4074074074074074, 0.7777777777777778, 1.5555555555555556, 0.9629629629629629, 2.2222222222222223, 0.2222222222222222, 0.1111111111111111, 0.07407407407407407, 2.4444444444444446, 2.4444444444444446, 4.444444444444445, 4.444444444444445, 2.4444444444444446, 4.444444444444445, 1.7777777777777777, 4.5, 5.277777777777778, 4.833333333333333, 4.055555555555555, 4.166666666666667, 4.722222222222222, 3.2777777777777777, 5.166666666666667]
0.25925925925925924, -5.7336827816666665, [0.7777777777777778, 2.962962962962963, 1.4074074074074074, 0.7777777777777778, 1.5555555555555556, 0.9629629629629629, 2.2222222222222223, 0.2222222222222222, 0.25925925925925924, -0.07407407407407407, 2.4444444444444446, 2.4444444444444446, 4.444444444444445, 4.444444444444445, 2.4444444444444446, 4.444444444444445, 1.7777777777777777, 4.5, 5.277777777777778, 4.833333333333333, 4.055555555555555, 4.166666666666667, 4.722222222222222, 3.2777777777777777, 5.166666666666667]
0.25925925925925924, -5.740665298333334, [0.8518518518518519, 3.111111111111111, 1.3333333333333333, 0.8518518518518519, 1.4074074074074074, 0.9629629629629629, 2.2222222222222223, 1.5555555555555556, 0.8518518518518519, 0.9629629629629629, 2.5555555555555554, 2.111111111111111, 5.111111111111111, 4.222222222222222, 1.6666666666666667, 5.111111111111111, 2.3333333333333335, 4.666666666666667, 4.666666666666667, 5.555555555555555, 3.7777777777777777, 4.0, 5.333333333333333, 3.5555555555555554, 4.444444444444445]
0.25925925925925924, -5.739034112037037, [0.8518518518518519, 3.111111111111111, 1.3333333333333333, 0.8518518518518519, 1.4074074074074074, 0.9629629629629629, 2.2222222222222223, 1.1111111111111112, 0.7777777777777778, 0.5185185185185185, 2.5555555555555554, 2.111111111111111, 5.111111111111111, 4.222222222222222, 1.6666666666666667, 5.111111111111111, 2.3333333333333335, 4.666666666666667, 4.666666666666667, 5.555555555555555, 3.7777777777777777, 4.0, 5.333333333333333, 3.5555555555555554, 4.444444444444445]
0.25925925925925924, -5.736423943703704, [0.8518518518518519, 3.111111111111111, 1.3333333333333333, 0.8518518518518519, 1.4074074074074074, 0.9629629629629629, 2.2222222222222223, 0.6666666666666666, 0.6296296296296297, 0.2962962962962963, 2.5555555555555554, 2.111111111111111, 5.111111111111111, 4.222222222222222, 1.6666666666666667, 5.111111111111111, 2.3333333333333335, 4.666666666666667, 4.666666666666667, 5.555555555555555, 3.7777777777777777, 4.0, 5.333333333333333, 3.5555555555555554, 4.444444444444445]
0.25925925925925924, -5.73453401962963, [0.8518518518518519, 3.111111111111111, 1.3333333333333333, 0.8518518518518519, 1.4074074074074074, 0.9629629629629629, 2.2222222222222223, 0.6666666666666666, 0.037037037037037035, 0.2222222222222222, 2.5555555555555554, 2.111111111111111, 5.111111111111111, 4.222222222222222, 1.6666666666666667, 5.111111111111111, 2.3333333333333335, 4.666666666666667, 4.666666666666667, 5.555555555555555, 3.7777777777777777, 4.0, 5.333333333333333, 3.5555555555555554, 4.444444444444445]
