Clusters
[[1], [0], [0]]
[[2], [0], [0]]
[[1, 1], [0.5], [0]]
[[1, 2], [0.5], [0]]
[[2, 2], [0.5], [0]]
[[1, 1], [0.7071067811865476], [0]]
[[1, 2], [0.7071067811865476], [0]]
[[2, 2], [0.7071067811865476], [0]]
[[1, 1], [0.75], [0]]
[[1, 2], [0.75], [0]]
[[2, 2], [0.75], [0]]
[[1, 1], [0.9013878188659973], [0]]
[[1, 2], [0.9013878188659973], [0]]
[[2, 2], [0.9013878188659973], [0]]
[[1, 1], [1.0307764064044151], [0]]
[[1, 2], [1.0307764064044151], [0]]
[[2, 2], [1.0307764064044151], [0]]
[[0, 1], [0.515388203], [0]]
[[0, 1], [0.515388203], [1]]
[[1, 1], [0.7071067811865476], [1]]
[[1, 1], [0.75], [1]]
[[1, 1], [0.9013878188659973], [1]]
[[1, 1], [1.0307764064044151], [1]]
[[1, 1, 1], [0.5, 0.5, 0.7071067811865476], [1]]
[[1, 1, 2], [0.5, 0.5, 0.7071067811865476], [1]]
[[1, 1, 1], [0.5, 0.75, 0.9013878188659973], [1]]
[[1, 1, 1], [0.75, 0.5, 0.9013878188659973], [1]]
[[1, 1, 2], [0.5, 0.75, 0.9013878188659973], [1]]
[[1, 1, 2], [0.75, 0.5, 0.9013878188659973], [1]]
[[1, 1, 1], [0.5, 0.5, 0.7071067811865476], [0]]
[[1, 1, 2], [0.5, 0.5, 0.7071067811865476], [0]]
[[2, 1, 1], [0.5, 0.5, 0.7071067811865476], [0]]
[[1, 2, 2], [0.5, 0.5, 0.7071067811865476], [0]]
[[2, 2, 1], [0.5, 0.5, 0.7071067811865476], [0]]
[[2, 2, 2], [0.5, 0.5, 0.7071067811865476], [0]]
[[1, 1, 1], [0.9013878188659973, 0.9013878188659973, 0.7071067811865476], [0]]
[[1, 1, 2], [0.9013878188659973, 0.9013878188659973, 0.7071067811865476], [0]]
[[2, 1, 1], [0.9013878188659973, 0.9013878188659973, 0.7071067811865476], [0]]
[[1, 2, 2], [0.9013878188659973, 0.9013878188659973, 0.7071067811865476], [0]]
[[2, 2, 1], [0.9013878188659973, 0.9013878188659973, 0.7071067811865476], [0]]
[[2, 2, 2], [0.9013878188659973, 0.9013878188659973, 0.7071067811865476], [0]]
[[1, 1, 1], [0.9013878188659973, 0.5, 0.75], [0]]
[[2, 1, 1], [0.9013878188659973, 0.5, 0.75], [0]]
[[1, 2, 1], [0.9013878188659973, 0.5, 0.75], [0]]
[[1, 1, 2], [0.9013878188659973, 0.5, 0.75], [0]]
[[1, 2, 2], [0.9013878188659973, 0.5, 0.75], [0]]
[[2, 1, 2], [0.9013878188659973, 0.5, 0.75], [0]]
[[2, 2, 1], [0.9013878188659973, 0.5, 0.75], [0]]
[[2, 2, 2], [0.9013878188659973, 0.5, 0.75], [0]]
[[1, 1, 1], [1.0307764064044151, 0.75, 0.7071067811865476], [0]]
[[2, 1, 1], [1.0307764064044151, 0.75, 0.7071067811865476], [0]]
[[1, 2, 1], [1.0307764064044151, 0.75, 0.7071067811865476], [0]]
[[1, 1, 2], [1.0307764064044151, 0.75, 0.7071067811865476], [0]]
[[1, 2, 2], [1.0307764064044151, 0.75, 0.7071067811865476], [0]]
[[2, 1, 2], [1.0307764064044151, 0.75, 0.7071067811865476], [0]]
[[2, 2, 1], [1.0307764064044151, 0.75, 0.7071067811865476], [0]]
[[2, 2, 2], [1.0307764064044151, 0.75, 0.7071067811865476], [0]]
[[1, 1, 1], [1.0307764064044151, 0.9013878188659973, 0.5], [0]]
[[2, 1, 1], [1.0307764064044151, 0.9013878188659973, 0.5], [0]]
[[1, 2, 1], [1.0307764064044151, 0.9013878188659973, 0.5], [0]]
[[1, 1, 2], [1.0307764064044151, 0.9013878188659973, 0.5], [0]]
[[1, 2, 2], [1.0307764064044151, 0.9013878188659973, 0.5], [0]]
[[2, 1, 2], [1.0307764064044151, 0.9013878188659973, 0.5], [0]]
[[2, 2, 1], [1.0307764064044151, 0.9013878188659973, 0.5], [0]]
[[2, 2, 2], [1.0307764064044151, 0.9013878188659973, 0.5], [0]]
Counts
0.5, -7.33300269125, [0.5, 0.0, 2.0, 0.0, 0.0, 2.0, 0.0, 0.0, 1.0, 0.0, 0.0, 4.0, 0.0, 0.0, 4.0, 0.0, 0.0, 8.0, 0.0, 2.0, -1.0, 4.0, -4.0, -4.0, 0.0, -4.0, -4.0, 0.0, 0.0, 2.0, 0.0, 0.0, 0.0, 0.0, 0.0, 4.0, 0.0, 0.0, 0.0, 0.0, 0.0, 4.0, 0.0, 0.0, 0.0, 0.0, 0.0, 0.0, 0.0, 4.0, 0.0, 0.0, 0.0, 0.0, 0.0, 0.0, 0.0, 8.0, 0.0, 0.0, 0.0, 0.0, 0.0, 0.0, 0.0]
0.375, -6.47722014, [0.375, 0.125, 1.0, 1.0, 0.0, 1.5, 0.0, 0.5, 0.5, 0.5, 0.0, 2.0, 2.0, 0.0, 2.0, 2.0, 0.0, 6.0, 0.0, 0.5, 0.0, 0.0, 0.0, -2.0, 0.0, -1.0, 0.0, -1.0, 0.0, 1.0, 0.0, 0.5, 0.5, 0.0, 0.0, 2.0, 0.0, 1.0, 1.0, 0.0, 0.0, 1.0, 1.0, 1.0, 1.0, 0.0, 0.0, 0.0, 0.0, 2.0, 1.0, 0.0, 0.0, 1.0, 0.0, 0.0, 0.0, 2.0, 2.0, 2.0, 2.0, 0.0, 0.0, 0.0, 0.0]
0.375, -6.45647418125, [0.375, 0.125, 1.25, 0.5, 0.25, 1.0, 1.0, 0.0, 0.5, 0.5, 0.0, 2.0, 2.0, 0.0, 2.0, 2.0, 0.0, 6.0, 0.0, 1.0, 0.0, 0.0, 0.0, -2.0, 0.5, -0.5, 0.0, -1.0, 0.0, 1.0, 0.5, 0.0, 0.0, 0.5, 0.0, 1.0, 2.0, 1.0, 0.0, 0.0, 0.0, 1.5, 0.5, 1.0, 0.5, 0.0, 0.5, 0.0, 0.0, 1.0, 1.0, 1.0, 1.0, 0.0, 0.0, 0.0, 0.0, 3.0, 2.0, 1.0, 1.0, 1.0, 0.0, 0.0, 0.0]
0.375, -6.47672151125, [0.375, 0.125, 1.25, 0.5, 0.25, 1.0, 1.0, 0.0, 0.5, 0.5, 0.0, 2.0, 2.0, 0.0, 2.0, 2.0, 0.0, 6.0, 0.0, 1.0, 0.5, -2.0, 2.0, -2.0, -0.5, -1.5, 1.5, -1.0, 0.5, 1.0, 0.5, 0.0, 0.0, 0.5, 0.0, 1.0, 2.0, 1.0, 0.0, 0.0, 0.0, 1.5, 0.5, 1.0, 0.5, 0.0, 0.5, 0.0, 0.0, 1.0, 1.0, 1.0, 1.0, 0.0, 0.0, 0.0, 0.0, 3.0, 2.0, 1.0, 1.0, 1.0, 0.0, 0.0, 0.0]
0.375, -6.4988506425, [0.375, 0.125, 1.0, 1.0, 0.0, 1.0, 1.0, 0.0, 0.75, 0.0, 0.25, 2.0, 2.0, 0.0, 2.0, 2.0, 0.0, 6.0, 0.0, 1.0, 0.75, -2.0, 2.0, -1.0, -1.0, -2.0, 2.0, 0.0, 1.0, 0.5, 1.0, 0.5, 0.0, 0.0, 0.0, 1.0, 2.0, 1.0, 0.0, 0.0, 0.0, 2.0, 1.0, 0.0, 0.0, 1.0, 0.0, 0.0, 0.0, 2.0, 0.0, 1.0, 0.0, 0.0, 1.0, 0.0, 0.0, 2.0, 2.0, 2.0, 2.0, 0.0, 0.0, 0.0, 0.0]
0.375, -6.4790117775, [0.375, 0.125, 1.0, 1.0, 0.0, 1.5, 0.0, 0.5, 0.5, 0.5, 0.0, 2.0, 2.0, 0.0, 2.0, 2.0, 0.0, 6.0, 0.0, 1.5, 0.5, -2.0, 2.0, -2.0, 0.0, -1.0, 1.0, -1.0, 1.0, 1.0, 0.0, 0.5, 0.5, 0.0, 0.0, 2.0, 0.0, 1.0, 1.0, 0.0, 0.0, 1.0, 1.0, 1.0, 1.0, 0.0, 0.0, 0.0, 0.0, 2.0, 1.0, 0.0, 0.0, 1.0, 0.0, 0.0, 0.0, 2.0, 2.0, 2.0, 2.0, 0.0, 0.0, 0.0, 0.0]
0.375, -6.43685281875, [0.375, 0.125, 1.0, 1.0, 0.0, 1.0, 1.0, 0.0, 0.5, 0.5, 0.0, 2.0, 2.0, 0.0, 3.0, 0.0, 1.0, 6.0, 0.0, 0.0, 0.0, -1.0, 1.0, -0.5, -0.5, -0.5, 0.0, -0.5, 0.0, 0.5, 1.0, 0.5, 0.0, 0.0, 0.0, 1.0, 2.0, 1.0, 0.0, 0.0, 0.0, 1.0, 1.0, 1.0, 1.0, 0.0, 0.0, 0.0, 0.0, 2.0, 0.0, 0.0, 1.0, 0.0, 0.0, 1.0, 0.0, 4.0, 0.0, 0.0, 2.0, 0.0, 0.0, 2.0, 0.0]
0.375, -6.45575928875, [0.375, 0.125, 1.0, 1.0, 0.0, 1.0, 1.0, 0.0, 0.5, 0.5, 0.0, 2.0, 2.0, 0.0, 3.0, 0.0, 1.0, 6.0, 0.0, 1.0, -0.5, 2.0, -3.0, -1.0, -1.0, -1.0, -1.0, -1.0, -1.0, 0.5, 1.0, 0.5, 0.0, 0.0, 0.0, 1.0, 2.0, 1.0, 0.0, 0.0, 0.0, 1.0, 1.0, 1.0, 1.0, 0.0, 0.0, 0.0, 0.0, 2.0, 0.0, 0.0, 1.0, 0.0, 0.0, 1.0, 0.0, 4.0, 0.0, 0.0, 2.0, 0.0, 0.0, 2.0, 0.0]
0.375, -6.454320684375, [0.375, 0.125, 1.0, 1.0, 0.0, 1.0, 1.0, 0.0, 0.5, 0.5, 0.0, 2.0, 2.0, 0.0, 3.0, 0.0, 1.0, 6.0, 0.0, 1.0, 0.5, -2.0, 3.0, -1.0, -1.0, -1.0, 1.0, -1.0, 1.0, 0.5, 1.0, 0.5, 0.0, 0.0, 0.0, 1.0, 2.0, 1.0, 0.0, 0.0, 0.0, 1.0, 1.0, 1.0, 1.0, 0.0, 0.0, 0.0, 0.0, 2.0, 0.0, 0.0, 1.0, 0.0, 0.0, 1.0, 0.0, 4.0, 0.0, 0.0, 2.0, 0.0, 0.0, 2.0, 0.0]
0.375, -6.383762743125, [0.375, 0.125, 1.0, 1.0, 0.0, 1.0, 1.0, 0.0, 0.5, 0.5, 0.0, 2.5, 1.0, 0.5, 2.0, 2.0, 0.0, 6.0, 0.0, -0.5, 0.0, -0.5, 1.0, -0.25, -0.25, -0.25, 0.0, -0.25, 0.0, 0.5, 1.0, 0.5, 0.0, 0.0, 0.0, 2.0, 1.0, 0.0, 0.0, 1.0, 0.0, 1.5, 0.5, 0.5, 1.0, 0.0, 0.0, 0.5, 0.0, 1.0, 1.0, 1.0, 1.0, 0.0, 0.0, 0.0, 0.0, 3.0, 1.0, 2.0, 1.0, 0.0, 1.0, 0.0, 0.0]
0.375, -6.460982859375, [0.375, 0.125, 1.0, 1.0, 0.0, 1.0, 1.0, 0.0, 0.75, 0.0, 0.25, 2.0, 2.0, 0.0, 2.0, 2.0, 0.0, 6.0, 0.0, 1.0, -0.25, 0.0, -2.0, 0.0, 0.0, 0.0, 0.0, 0.0, -1.0, 0.5, 1.0, 0.5, 0.0, 0.0, 0.0, 1.0, 2.0, 1.0, 0.0, 0.0, 0.0, 2.0, 1.0, 0.0, 0.0, 1.0, 0.0, 0.0, 0.0, 2.0, 0.0, 1.0, 0.0, 0.0, 1.0, 0.0, 0.0, 2.0, 2.0, 2.0, 2.0, 0.0, 0.0, 0.0, 0.0]
0.375, -6.475040961875, [0.375, 0.125, 1.0, 1.0, 0.0, 1.0, 1.0, 0.0, 0.75, 0.0, 0.25, 2.0, 2.0, 0.0, 2.0, 2.0, 0.0, 6.0, 0.0, 0.0, 0.25, -1.0, 0.0, -0.5, -0.5, -1.0, 1.0, 0.0, 0.0, 0.5, 1.0, 0.5, 0.0, 0.0, 0.0, 1.0, 2.0, 1.0, 0.0, 0.0, 0.0, 2.0, 1.0, 0.0, 0.0, 1.0, 0.0, 0.0, 0.0, 2.0, 0.0, 1.0, 0.0, 0.0, 1.0, 0.0, 0.0, 2.0, 2.0, 2.0, 2.0, 0.0, 0.0, 0.0, 0.0]
0.5, -7.392107330625, [0.5, 0.0, 2.0, 0.0, 0.0, 2.0, 0.0, 0.0, 1.0, 0.0, 0.0, 4.0, 0.0, 0.0, 4.0, 0.0, 0.0, 8.0, 0.0, 2.0, 1.0, -4.0, 4.0, -4.0, 0.0, -4.0, 4.0, 0.0, 0.0, 2.0, 0.0, 0.0, 0.0, 0.0, 0.0, 4.0, 0.0, 0.0, 0.0, 0.0, 0.0, 4.0, 0.0, 0.0, 0.0, 0.0, 0.0, 0.0, 0.0, 4.0, 0.0, 0.0, 0.0, 0.0, 0.0, 0.0, 0.0, 8.0, 0.0, 0.0, 0.0, 0.0, 0.0, 0.0, 0.0]
0.5, -7.271617471875, [0.5, 0.0, 2.0, 0.0, 0.0, 2.0, 0.0, 0.0, 1.0, 0.0, 0.0, 4.0, 0.0, 0.0, 4.0, 0.0, 0.0, 8.0, 0.0, -2.0, 1.0, 0.0, -4.0, 0.0, 0.0, 0.0, 4.0, 0.0, 0.0, 2.0, 0.0, 0.0, 0.0, 0.0, 0.0, 4.0, 0.0, 0.0, 0.0, 0.0, 0.0, 4.0, 0.0, 0.0, 0.0, 0.0, 0.0, 0.0, 0.0, 4.0, 0.0, 0.0, 0.0, 0.0, 0.0, 0.0, 0.0, 8.0, 0.0, 0.0, 0.0, 0.0, 0.0, 0.0, 0.0]
0.5, -7.30660320125, [0.5, 0.0, 2.0, 0.0, 0.0, 2.0, 0.0, 0.0, 1.0, 0.0, 0.0, 4.0, 0.0, 0.0, 4.0, 0.0, 0.0, 8.0, 0.0, 0.0, 0.0, 0.0, 0.0, -2.0, 0.0, -2.0, 0.0, 0.0, 0.0, 2.0, 0.0, 0.0, 0.0, 0.0, 0.0, 4.0, 0.0, 0.0, 0.0, 0.0, 0.0, 4.0, 0.0, 0.0, 0.0, 0.0, 0.0, 0.0, 0.0, 4.0, 0.0, 0.0, 0.0, 0.0, 0.0, 0.0, 0.0, 8.0, 0.0, 0.0, 0.0, 0.0, 0.0, 0.0, 0.0]
0.5, -7.247352255, [0.5, 0.0, 2.0, 0.0, 0.0, 2.0, 0.0, 0.0, 1.0, 0.0, 0.0, 4.0, 0.0, 0.0, 4.0, 0.0, 0.0, 8.0, 0.0, 0.0, 0.0, 0.0, -4.0, 0.0, 0.0, 0.0, 0.0, 0.0, 0.0, 2.0, 0.0, 0.0, 0.0, 0.0, 0.0, 4.0, 0.0, 0.0, 0.0, 0.0, 0.0, 4.0, 0.0, 0.0, 0.0, 0.0, 0.0, 0.0, 0.0, 4.0, 0.0, 0.0, 0.0, 0.0, 0.0, 0.0, 0.0, 8.0, 0.0, 0.0, 0.0, 0.0, 0.0, 0.0, 0.0]
0.5, -7.256801531875, [0.5, 0.0, 2.0, 0.0, 0.0, 2.0, 0.0, 0.0, 1.0, 0.0, 0.0, 4.0, 0.0, 0.0, 4.0, 0.0, 0.0, 8.0, 0.0, 0.0, 0.0, -2.0, 0.0, 0.0, 0.0, 0.0, 0.0, 0.0, 0.0, 2.0, 0.0, 0.0, 0.0, 0.0, 0.0, 4.0, 0.0, 0.0, 0.0, 0.0, 0.0, 4.0, 0.0, 0.0, 0.0, 0.0, 0.0, 0.0, 0.0, 4.0, 0.0, 0.0, 0.0, 0.0, 0.0, 0.0, 0.0, 8.0, 0.0, 0.0, 0.0, 0.0, 0.0, 0.0, 0.0]
0.25, -5.654122758125, [0.25, 0.25, 0.0, 2.0, 0.0, 1.0, 0.0, 1.0, 0.5, 0.0, 0.5, 0.0, 4.0, 0.0, 2.0, 0.0, 2.0, 4.0, 0.0, -1.0, 0.5, 0.0, -2.0, 0.0, 0.0, 0.0, 0.0, 0.0, 2.0, 0.0, 0.0, 1.0, 1.0, 0.0, 0.0, 0.0, 0.0, 2.0, 2.0, 0.0, 0.0, 0.0, 2.0, 0.0, 0.0, 2.0, 0.0, 0.0, 0.0, 2.0, 0.0, 0.0, 0.0, 0.0, 0.0, 0.0, 2.0, 0.0, 0.0, 0.0, 4.0, 0.0, 0.0, 4.0, 0.0]
0.375, -6.4675374475, [0.375, 0.125, 1.0, 1.0, 0.0, 1.5, 0.0, 0.5, 0.5, 0.5, 0.0, 2.0, 2.0, 0.0, 2.0, 2.0, 0.0, 6.0, 0.0, 0.5, 0.5, 0.0, 2.0, 0.0, 0.0, 0.0, 1.0, 0.0, 1.0, 1.0, 0.0, 0.5, 0.5, 0.0, 0.0, 2.0, 0.0, 1.0, 1.0, 0.0, 0.0, 1.0, 1.0, 1.0, 1.0, 0.0, 0.0, 0.0, 0.0, 2.0, 1.0, 0.0, 0.0, 1.0, 0.0, 0.0, 0.0, 2.0, 2.0, 2.0, 2.0, 0.0, 0.0, 0.0, 0.0]
0.375, -6.435982720625, [0.375, 0.125, 1.0, 1.0, 0.0, 1.0, 1.0, 0.0, 0.5, 0.5, 0.0, 2.0, 2.0, 0.0, 3.0, 0.0, 1.0, 6.0, 0.0, -1.0, 0.5, 0.0, -1.0, 0.0, 0.0, 0.0, 1.0, 0.0, 1.0, 0.5, 1.0, 0.5, 0.0, 0.0, 0.0, 1.0, 2.0, 1.0, 0.0, 0.0, 0.0, 1.0, 1.0, 1.0, 1.0, 0.0, 0.0, 0.0, 0.0, 2.0, 0.0, 0.0, 1.0, 0.0, 0.0, 1.0, 0.0, 4.0, 0.0, 0.0, 2.0, 0.0, 0.0, 2.0, 0.0]
0.375, -6.4656297425, [0.375, 0.125, 1.0, 1.0, 0.0, 1.0, 1.0, 0.0, 0.5, 0.5, 0.0, 2.5, 1.0, 0.5, 2.0, 2.0, 0.0, 6.0, 0.0, -1.0, 0.5, -0.5, -2.0, 0.0, 0.0, -0.5, 1.5, 0.5, 0.5, 0.5, 1.0, 0.5, 0.0, 0.0, 0.0, 2.0, 1.0, 0.0, 0.0, 1.0, 0.0, 1.5, 0.5, 0.5, 1.0, 0.0, 0.0, 0.5, 0.0, 1.0, 1.0, 1.0, 1.0, 0.0, 0.0, 0.0, 0.0, 3.0, 1.0, 2.0, 1.0, 0.0, 1.0, 0.0, 0.0]
0.375, -6.459629015625, [0.375, 0.125, 1.25, 0.5, 0.25, 1.0, 1.0, 0.0, 0.5, 0.5, 0.0, 2.0, 2.0, 0.0, 2.0, 2.0, 0.0, 6.0, 0.0, 0.0, 0.5, -1.0, 0.0, 0.0, -0.5, -1.0, 1.5, 0.5, 0.5, 1.0, 0.5, 0.0, 0.0, 0.5, 0.0, 1.0, 2.0, 1.0, 0.0, 0.0, 0.0, 1.5, 0.5, 1.0, 0.5, 0.0, 0.5, 0.0, 0.0, 1.0, 1.0, 1.0, 1.0, 0.0, 0.0, 0.0, 0.0, 3.0, 2.0, 1.0, 1.0, 1.0, 0.0, 0.0, 0.0]
0.5, -7.26464146625, [0.5, 0.0, 2.0, 0.0, 0.0, 2.0, 0.0, 0.0, 1.0, 0.0, 0.0, 4.0, 0.0, 0.0, 4.0, 0.0, 0.0, 8.0, 0.0, 2.0, 0.0, 0.0, 0.0, 0.0, 0.0, 0.0, 0.0, 0.0, 0.0, 2.0, 0.0, 0.0, 0.0, 0.0, 0.0, 4.0, 0.0, 0.0, 0.0, 0.0, 0.0, 4.0, 0.0, 0.0, 0.0, 0.0, 0.0, 0.0, 0.0, 4.0, 0.0, 0.0, 0.0, 0.0, 0.0, 0.0, 0.0, 8.0, 0.0, 0.0, 0.0, 0.0, 0.0, 0.0, 0.0]
0.5, -7.28326634375, [0.5, 0.0, 2.0, 0.0, 0.0, 2.0, 0.0, 0.0, 1.0, 0.0, 0.0, 4.0, 0.0, 0.0, 4.0, 0.0, 0.0, 8.0, 0.0, 0.0, 1.0, 0.0, 0.0, 0.0, 0.0, 0.0, 4.0, 0.0, 0.0, 2.0, 0.0, 0.0, 0.0, 0.0, 0.0, 4.0, 0.0, 0.0, 0.0, 0.0, 0.0, 4.0, 0.0, 0.0, 0.0, 0.0, 0.0, 0.0, 0.0, 4.0, 0.0, 0.0, 0.0, 0.0, 0.0, 0.0, 0.0, 8.0, 0.0, 0.0, 0.0, 0.0, 0.0, 0.0, 0.0]
0.5, -7.322045005625, [0.5, 0.0, 2.0, 0.0, 0.0, 2.0, 0.0, 0.0, 1.0, 0.0, 0.0, 4.0, 0.0, 0.0, 4.0, 0.0, 0.0, 8.0, 0.0, 1.0, 0.5, -2.0, 2.0, -2.0, 0.0, -2.0, 2.0, 0.0, 0.0, 2.0, 0.0, 0.0, 0.0, 0.0, 0.0, 4.0, 0.0, 0.0, 0.0, 0.0, 0.0, 4.0, 0.0, 0.0, 0.0, 0.0, 0.0, 0.0, 0.0, 4.0, 0.0, 0.0, 0.0, 0.0, 0.0, 0.0, 0.0, 8.0, 0.0, 0.0, 0.0, 0.0, 0.0, 0.0, 0.0]
0.3125, -6.053705383125, [0.3125, 0.1875, 0.5, 1.5, 0.0, 1.0, 0.5, 0.5, 0.5, 0.25, 0.25, 1.0, 3.0, 0.0, 2.0, 1.0, 1.0, 5.0, 0.0, -1.0, 0.5, 0.0, -2.0, 0.0, 0.0, 0.0, 0.5, 0.0, 1.5, 0.25, 0.5, 0.75, 0.5, 0.0, 0.0, 0.5, 1.0, 1.5, 1.0, 0.0, 0.0, 0.5, 1.5, 0.5, 0.5, 1.0, 0.0, 0.0, 0.0, 2.0, 0.0, 0.0, 0.0, 0.5, 0.5, 0.5, 0.5, 1.0, 1.0, 1.0, 3.0, 0.0, 0.0, 2.0, 0.0]
0.4375, -6.874182980625, [0.4375, 0.0625, 1.5, 0.5, 0.0, 1.5, 0.5, 0.0, 0.75, 0.25, 0.0, 3.0, 1.0, 0.0, 3.0, 1.0, 0.0, 7.0, 0.0, 0.5, 0.25, -2.0, 1.0, -0.5, -0.5, -1.0, 1.0, 0.0, 0.0, 1.25, 0.5, 0.25, 0.0, 0.0, 0.0, 2.5, 1.0, 0.5, 0.0, 0.0, 0.0, 2.5, 0.5, 0.5, 0.5, 0.0, 0.0, 0.0, 0.0, 2.5, 0.5, 0.5, 0.5, 0.0, 0.0, 0.0, 0.0, 5.0, 1.0, 1.0, 1.0, 0.0, 0.0, 0.0, 0.0]
0.4375, -6.868150240625, [0.4375, 0.0625, 1.5, 0.5, 0.0, 1.5, 0.5, 0.0, 0.75, 0.25, 0.0, 3.0, 1.0, 0.0, 3.0, 1.0, 0.0, 7.0, 0.0, 0.5, 0.25, -1.0, 3.0, -0.5, -0.5, -0.5, 0.5, -0.5, 0.5, 1.25, 0.5, 0.25, 0.0, 0.0, 0.0, 2.5, 1.0, 0.5, 0.0, 0.0, 0.0, 2.5, 0.5, 0.5, 0.5, 0.0, 0.0, 0.0, 0.0, 2.5, 0.5, 0.5, 0.5, 0.0, 0.0, 0.0, 0.0, 5.0, 1.0, 1.0, 1.0, 0.0, 0.0, 0.0, 0.0]
0.4375, -6.888736515625, [0.4375, 0.0625, 1.5, 0.5, 0.0, 1.5, 0.5, 0.0, 0.75, 0.25, 0.0, 3.0, 1.0, 0.0, 3.0, 1.0, 0.0, 7.0, 0.0, 0.5, 0.75, -1.0, 1.0, -0.5, -0.5, -1.5, 2.5, 0.5, 0.5, 1.25, 0.5, 0.25, 0.0, 0.0, 0.0, 2.5, 1.0, 0.5, 0.0, 0.0, 0.0, 2.5, 0.5, 0.5, 0.5, 0.0, 0.0, 0.0, 0.0, 2.5, 0.5, 0.5, 0.5, 0.0, 0.0, 0.0, 0.0, 5.0, 1.0, 1.0, 1.0, 0.0, 0.0, 0.0, 0.0]
0.4375, -6.857838466875, [0.4375, 0.0625, 1.5, 0.5, 0.0, 1.5, 0.5, 0.0, 0.75, 0.25, 0.0, 3.0, 1.0, 0.0, 3.0, 1.0, 0.0, 7.0, 5.0, 0.5, 0.75, 1.0, 1.0, 0.5, 0.5, 1.5, 2.5, -0.5, 0.5, 1.25, 0.5, 0.25, 0.0, 0.0, 0.0, 2.5, 1.0, 0.5, 0.0, 0.0, 0.0, 2.5, 0.5, 0.5, 0.5, 0.0, 0.0, 0.0, 0.0, 2.5, 0.5, 0.5, 0.5, 0.0, 0.0, 0.0, 0.0, 5.0, 1.0, 1.0, 1.0, 0.0, 0.0, 0.0, 0.0]
0.4375, -6.868001514375, [0.4375, 0.0625, 1.5, 0.5, 0.0, 1.5, 0.5, 0.0, 0.75, 0.25, 0.0, 3.0, 1.0, 0.0, 3.0, 1.0, 0.0, 7.0, 0.0, -0.5, 0.75, 0.0, -1.0, 0.0, 0.0, 0.0, 2.5, 0.0, 0.5, 1.25, 0.5, 0.25, 0.0, 0.0, 0.0, 2.5, 1.0, 0.5, 0.0, 0.0, 0.0, 2.5, 0.5, 0.5, 0.5, 0.0, 0.0, 0.0, 0.0, 2.5, 0.5, 0.5, 0.5, 0.0, 0.0, 0.0, 0.0, 5.0, 1.0, 1.0, 1.0, 0.0, 0.0, 0.0, 0.0]
0.4375, -6.920306906875, [0.4375, 0.0625, 1.5, 0.5, 0.0, 1.5, 0.5, 0.0, 0.75, 0.25, 0.0, 3.0, 1.0, 0.0, 3.0, 1.0, 0.0, 7.0, 0.0, 1.5, 0.75, -3.0, 3.0, -2.5, -0.5, -2.5, 2.5, -0.5, 0.5, 1.25, 0.5, 0.25, 0.0, 0.0, 0.0, 2.5, 1.0, 0.5, 0.0, 0.0, 0.0, 2.5, 0.5, 0.5, 0.5, 0.0, 0.0, 0.0, 0.0, 2.5, 0.5, 0.5, 0.5, 0.0, 0.0, 0.0, 0.0, 5.0, 1.0, 1.0, 1.0, 0.0, 0.0, 0.0, 0.0]
0.4375, -6.892399390625, [0.4375, 0.0625, 1.5, 0.5, 0.0, 1.5, 0.5, 0.0, 0.75, 0.25, 0.0, 3.0, 1.0, 0.0, 3.0, 1.0, 0.0, 7.0, 0.0, 0.5, 0.25, -1.0, 1.0, -2.0, 0.0, -1.5, 1.0, -0.5, 0.0, 1.25, 0.5, 0.25, 0.0, 0.0, 0.0, 2.5, 1.0, 0.5, 0.0, 0.0, 0.0, 2.5, 0.5, 0.5, 0.5, 0.0, 0.0, 0.0, 0.0, 2.5, 0.5, 0.5, 0.5, 0.0, 0.0, 0.0, 0.0, 5.0, 1.0, 1.0, 1.0, 0.0, 0.0, 0.0, 0.0]
0.3888888888888889, -6.556769661481481, [0.3888888888888889, 0.1111111111111111, 1.1851851851851851, 0.7407407407407407, 0.07407407407407407, 1.2592592592592593, 0.5925925925925926, 0.14814814814814814, 0.5555555555555556, 0.4444444444444444, 0.0, 2.4074074074074074, 1.4074074074074074, 0.18518518518518517, 2.3703703703703702, 1.4814814814814814, 0.14814814814814814, 6.222222222222222, 0.0, -0.07407407407407407, 0.4074074074074074, -0.3333333333333333, 0.0, -0.37037037037037035, -0.07407407407407407, -0.2962962962962963, 1.2222222222222223, -0.14814814814814814, 0.4074074074074074, 0.9444444444444444, 0.48148148148148145, 0.3148148148148148, 0.12962962962962962, 0.1111111111111111, 0.018518518518518517, 1.962962962962963, 0.8888888888888888, 0.5555555555555556, 0.25925925925925924, 0.2962962962962963, 0.037037037037037035, 1.6666666666666667, 0.5555555555555556, 0.7037037037037037, 0.7407407407407407, 0.0, 0.14814814814814814, 0.18518518518518517, 0.0, 1.7777777777777777, 0.7407407407407407, 0.4444444444444444, 0.5925925925925926, 0.2962962962962963, 0.0, 0.14814814814814814, 0.0, 3.574074074074074, 1.1666666666666667, 1.2407407407407407, 1.1666666666666667, 0.24074074074074073, 0.3148148148148148, 0.24074074074074073, 0.05555555555555555]
0.3888888888888889, -6.55011036574074, [0.3888888888888889, 0.1111111111111111, 1.1481481481481481, 0.8148148148148148, 0.037037037037037035, 1.2222222222222223, 0.6666666666666666, 0.1111111111111111, 0.5925925925925926, 0.37037037037037035, 0.037037037037037035, 2.4444444444444446, 1.3333333333333333, 0.2222222222222222, 2.3703703703703702, 1.4814814814814814, 0.14814814814814814, 6.222222222222222, 0.37037037037037035, 0.4074074074074074, 0.2222222222222222, 0.4444444444444444, 0.7407407407407407, -0.037037037037037035, 0.1111111111111111, 0.12962962962962962, 0.5370370370370371, -0.05555555555555555, 0.35185185185185186, 0.8518518518518519, 0.5925925925925926, 0.37037037037037035, 0.1111111111111111, 0.07407407407407407, 0.0, 1.962962962962963, 0.9629629629629629, 0.48148148148148145, 0.18518518518518517, 0.37037037037037035, 0.037037037037037035, 1.7592592592592593, 0.6111111111111112, 0.5370370370370371, 0.6851851851851852, 0.12962962962962962, 0.05555555555555555, 0.2037037037037037, 0.018518518518518517, 1.8148148148148149, 0.6296296296296297, 0.5555555555555556, 0.5555555555555556, 0.18518518518518517, 0.1111111111111111, 0.1111111111111111, 0.037037037037037035, 3.537037037037037, 1.0555555555555556, 1.3518518518518519, 1.2037037037037037, 0.12962962962962962, 0.42592592592592593, 0.2777777777777778, 0.018518518518518517]
0.3888888888888889, -6.547292030555555, [0.3888888888888889, 0.1111111111111111, 1.1481481481481481, 0.8148148148148148, 0.037037037037037035, 1.1851851851851851, 0.7407407407407407, 0.07407407407407407, 0.5925925925925926, 0.37037037037037035, 0.037037037037037035, 2.4814814814814814, 1.2592592592592593, 0.25925925925925924, 2.3703703703703702, 1.4814814814814814, 0.14814814814814814, 6.222222222222222, 0.9629629629629629, 0.07407407407407407, 0.2962962962962963, 0.5555555555555556, 0.0, 0.37037037037037035, 0.0, 0.35185185185185186, 0.8703703703703703, 0.018518518518518517, 0.3148148148148148, 0.8148148148148148, 0.6666666666666666, 0.37037037037037035, 0.07407407407407407, 0.07407407407407407, 0.0, 1.962962962962963, 1.037037037037037, 0.4074074074074074, 0.1111111111111111, 0.4444444444444444, 0.037037037037037035, 1.7962962962962963, 0.5740740740740741, 0.5, 0.6851851851851852, 0.12962962962962962, 0.05555555555555555, 0.24074074074074073, 0.018518518518518517, 1.7592592592592593, 0.6111111111111112, 0.6111111111111112, 0.6111111111111112, 0.12962962962962962, 0.12962962962962962, 0.12962962962962962, 0.018518518518518517, 3.5925925925925926, 1.0, 1.3703703703703705, 1.1481481481481481, 0.1111111111111111, 0.48148148148148145, 0.25925925925925924, 0.037037037037037035]
0.3888888888888889, -6.531488223888889, [0.3888888888888889, 0.1111111111111111, 1.1481481481481481, 0.8148148148148148, 0.037037037037037035, 1.1851851851851851, 0.7407407407407407, 0.07407407407407407, 0.5925925925925926, 0.37037037037037035, 0.037037037037037035, 2.4814814814814814, 1.2592592592592593, 0.25925925925925924, 2.3703703703703702, 1.4814814814814814, 0.14814814814814814, 6.222222222222222, 0.48148148148148145, 0.2962962962962963, 0.14814814814814814, 0.6296296296296297, 0.2962962962962963, 0.25925925925925924, -0.037037037037037035, 0.05555555555555555, 0.5, 0.16666666666666666, 0.09259259259259259, 0.8148148148148148, 0.6666666666666666, 0.37037037037037035, 0.07407407407407407, 0.07407407407407407, 0.0, 1.962962962962963, 1.037037037037037, 0.4074074074074074, 0.1111111111111111, 0.4444444444444444, 0.037037037037037035, 1.7962962962962963, 0.5740740740740741, 0.5, 0.6851851851851852, 0.12962962962962962, 0.05555555555555555, 0.24074074074074073, 0.018518518518518517, 1.7592592592592593, 0.6111111111111112, 0.6111111111111112, 0.6111111111111112, 0.12962962962962962, 0.12962962962962962, 0.12962962962962962, 0.018518518518518517, 3.5925925925925926, 1.0, 1.3703703703703705, 1.1481481481481481, 0.1111111111111111, 0.48148148148148145, 0.25925925925925924, 0.037037037037037035]
0.3888888888888889, -6.5420486853703705, [0.3888888888888889, 0.1111111111111111, 1.1111111111111112, 0.8888888888888888, 0.0, 1.2222222222222223, 0.6666666666666666, 0.1111111111111111, 0.7777777777777778, 0.0, 0.2222222222222222, 2.2222222222222223, 1.7777777777777777, 0.0, 2.4444444444444446, 1.3333333333333333, 0.2222222222222222, 6.222222222222222, 1.8518518518518519, 0.25925925925925924, 0.3333333333333333, 1.037037037037037, 0.5185185185185185, 0.8148148148148148, 0.37037037037037035, 1.1851851851851851, 1.1851851851851851, 0.0, 0.14814814814814814, 0.7777777777777778, 0.6666666666666666, 0.4444444444444444, 0.1111111111111111, 0.0, 0.0, 1.5555555555555556, 1.3333333333333333, 0.8888888888888888, 0.2222222222222222, 0.0, 0.0, 2.2222222222222223, 0.8888888888888888, 0.0, 0.0, 0.8888888888888888, 0.0, 0.0, 0.0, 2.4444444444444446, 0.0, 0.6666666666666666, 0.0, 0.0, 0.6666666666666666, 0.0, 0.2222222222222222, 3.111111111111111, 1.3333333333333333, 1.3333333333333333, 1.7777777777777777, 0.0, 0.0, 0.4444444444444444, 0.0]
0.3888888888888889, -6.5499924362962965, [0.3888888888888889, 0.1111111111111111, 1.1111111111111112, 0.8888888888888888, 0.0, 1.2222222222222223, 0.6666666666666666, 0.1111111111111111, 0.7777777777777778, 0.0, 0.2222222222222222, 2.2222222222222223, 1.7777777777777777, 0.0, 2.4444444444444446, 1.3333333333333333, 0.2222222222222222, 6.222222222222222, 0.4444444444444444, 0.037037037037037035, 0.6296296296296297, 0.7407407407407407, 0.07407407407407407, 0.4444444444444444, 0.2962962962962963, 0.7407407407407407, 1.9259259259259258, 0.0, 0.5925925925925926, 0.7777777777777778, 0.6666666666666666, 0.4444444444444444, 0.1111111111111111, 0.0, 0.0, 1.5555555555555556, 1.3333333333333333, 0.8888888888888888, 0.2222222222222222, 0.0, 0.0, 2.2222222222222223, 0.8888888888888888, 0.0, 0.0, 0.8888888888888888, 0.0, 0.0, 0.0, 2.4444444444444446, 0.0, 0.6666666666666666, 0.0, 0.0, 0.6666666666666666, 0.0, 0.2222222222222222, 3.111111111111111, 1.3333333333333333, 1.3333333333333333, 1.7777777777777777, 0.0, 0.0, 0.4444444444444444, 0.0]
0.3888888888888889, -6.548934254259259, [0.3888888888888889, 0.1111111111111111, 1.1111111111111112, 0.8888888888888888, 0.0, 1.2222222222222223, 0.6666666666666666, 0.1111111111111111, 0.7777777777777778, 0.0, 0.2222222222222222, 2.2222222222222223, 1.7777777777777777, 0.0, 2.4444444444444446, 1.3333333333333333, 0.2222222222222222, 6.222222222222222, 0.2222222222222222, 0.25925925925925924, 0.037037037037037035, 0.7407407407407407, 0.07407407407407407, 0.0, 0.0, 0.0, 0.0, 0.0, 0.14814814814814814, 0.7777777777777778, 0.6666666666666666, 0.4444444444444444, 0.1111111111111111, 0.0, 0.0, 1.5555555555555556, 1.3333333333333333, 0.8888888888888888, 0.2222222222222222, 0.0, 0.0, 2.2222222222222223, 0.8888888888888888, 0.0, 0.0, 0.8888888888888888, 0.0, 0.0, 0.0, 2.4444444444444446, 0.0, 0.6666666666666666, 0.0, 0.0, 0.6666666666666666, 0.0, 0.2222222222222222, 3.111111111111111, 1.3333333333333333, 1.3333333333333333, 1.7777777777777777, 0.0, 0.0, 0.4444444444444444, 0.0]
0.5, -7.281118863148148, [0.5, 0.0, 2.0, 0.0, 0.0, 2.0, 0.0, 0.0, 1.0, 0.0, 0.0, 4.0, 0.0, 0.0, 4.0, 0.0, 0.0, 8.0, 0.0, -0.2222222222222222, 0.4074074074074074, 0.7407407407407407, -1.037037037037037, -0.4444444444444444, 0.0, -0.4444444444444444, 1.6296296296296295, 0.0, 0.0, 2.0, 0.0, 0.0, 0.0, 0.0, 0.0, 4.0, 0.0, 0.0, 0.0, 0.0, 0.0, 4.0, 0.0, 0.0, 0.0, 0.0, 0.0, 0.0, 0.0, 4.0, 0.0, 0.0, 0.0, 0.0, 0.0, 0.0, 0.0, 8.0, 0.0, 0.0, 0.0, 0.0, 0.0, 0.0, 0.0]
0.5, -7.258910024814815, [0.5, 0.0, 2.0, 0.0, 0.0, 2.0, 0.0, 0.0, 1.0, 0.0, 0.0, 4.0, 0.0, 0.0, 4.0, 0.0, 0.0, 8.0, 2.888888888888889, 0.8148148148148148, 0.4074074074074074, 1.6296296296296295, 1.4814814814814814, 1.037037037037037, 0.0, 1.037037037037037, 1.6296296296296295, 0.0, 0.0, 2.0, 0.0, 0.0, 0.0, 0.0, 0.0, 4.0, 0.0, 0.0, 0.0, 0.0, 0.0, 4.0, 0.0, 0.0, 0.0, 0.0, 0.0, 0.0, 0.0, 4.0, 0.0, 0.0, 0.0, 0.0, 0.0, 0.0, 0.0, 8.0, 0.0, 0.0, 0.0, 0.0, 0.0, 0.0, 0.0]
0.5, -7.262729869999999, [0.5, 0.0, 2.0, 0.0, 0.0, 2.0, 0.0, 0.0, 1.0, 0.0, 0.0, 4.0, 0.0, 0.0, 4.0, 0.0, 0.0, 8.0, 2.1481481481481484, 0.6666666666666666, 0.4074074074074074, 1.1851851851851851, 1.037037037037037, 0.7407407407407407, 0.0, 0.7407407407407407, 1.6296296296296295, 0.0, 0.0, 2.0, 0.0, 0.0, 0.0, 0.0, 0.0, 4.0, 0.0, 0.0, 0.0, 0.0, 0.0, 4.0, 0.0, 0.0, 0.0, 0.0, 0.0, 0.0, 0.0, 4.0, 0.0, 0.0, 0.0, 0.0, 0.0, 0.0, 0.0, 8.0, 0.0, 0.0, 0.0, 0.0, 0.0, 0.0, 0.0]
0.5, -7.274092110370371, [0.5, 0.0, 2.0, 0.0, 0.0, 2.0, 0.0, 0.0, 1.0, 0.0, 0.0, 4.0, 0.0, 0.0, 4.0, 0.0, 0.0, 8.0, 1.1851851851851851, 0.6666666666666666, 0.7037037037037037, 0.7407407407407407, 1.3333333333333333, 0.4444444444444444, 0.0, 0.4444444444444444, 2.814814814814815, 0.0, 0.0, 2.0, 0.0, 0.0, 0.0, 0.0, 0.0, 4.0, 0.0, 0.0, 0.0, 0.0, 0.0, 4.0, 0.0, 0.0, 0.0, 0.0, 0.0, 0.0, 0.0, 4.0, 0.0, 0.0, 0.0, 0.0, 0.0, 0.0, 0.0, 8.0, 0.0, 0.0, 0.0, 0.0, 0.0, 0.0, 0.0]
0.5, -7.28478835537037, [0.5, 0.0, 2.0, 0.0, 0.0, 2.0, 0.0, 0.0, 1.0, 0.0, 0.0, 4.0, 0.0, 0.0, 4.0, 0.0, 0.0, 8.0, 0.0, 0.2222222222222222, -0.037037037037037035, 0.5925925925925926, 0.0, -0.7407407407407407, 0.0, -0.7407407407407407, -0.14814814814814814, 0.0, 0.0, 2.0, 0.0, 0.0, 0.0, 0.0, 0.0, 4.0, 0.0, 0.0, 0.0, 0.0, 0.0, 4.0, 0.0, 0.0, 0.0, 0.0, 0.0, 0.0, 0.0, 4.0, 0.0, 0.0, 0.0, 0.0, 0.0, 0.0, 0.0, 8.0, 0.0, 0.0, 0.0, 0.0, 0.0, 0.0, 0.0]
0.5, -7.322045005625, [0.5, 0.0, 2.0, 0.0, 0.0, 2.0, 0.0, 0.0, 1.0, 0.0, 0.0, 4.0, 0.0, 0.0, 4.0, 0.0, 0.0, 8.0, 2.0, 1.0, 0.5, -2.0, 2.0, -2.0, 0.0, -2.0, 2.0, 0.0, 0.0, 2.0, 0.0, 0.0, 0.0, 0.0, 0.0, 4.0, 0.0, 0.0, 0.0, 0.0, 0.0, 4.0, 0.0, 0.0, 0.0, 0.0, 0.0, 0.0, 0.0, 4.0, 0.0, 0.0, 0.0, 0.0, 0.0, 0.0, 0.0, 8.0, 0.0, 0.0, 0.0, 0.0, 0.0, 0.0, 0.0]
0.3125, -6.053705383125, [0.3125, 0.1875, 0.5, 1.5, 0.0, 1.0, 0.5, 0.5, 0.5, 0.25, 0.25, 1.0, 3.0, 0.0, 2.0, 1.0, 1.0, 5.0, 1.0, -1.0, 0.5, 0.0, -2.0, 0.0, 0.0, 0.0, 0.5, 0.0, 1.5, 0.25, 0.5, 0.75, 0.5, 0.0, 0.0, 0.5, 1.0, 1.5, 1.0, 0.0, 0.0, 0.5, 1.5, 0.5, 0.5, 1.0, 0.0, 0.0, 0.0, 2.0, 0.0, 0.0, 0.0, 0.5, 0.5, 0.5, 0.5, 1.0, 1.0, 1.0, 3.0, 0.0, 0.0, 2.0, 0.0]
0.3888888888888889, -6.556769661481481, [0.3888888888888889, 0.1111111111111111, 0.9259259259259259, 0.7407407407407407, 0.07407407407407407, 1.2592592592592593, 0.6296296296296297, 0.14814814814814814, 0.9259259259259259, 0.4444444444444444, 0.037037037037037035, 2.2222222222222223, 1.3333333333333333, 0.14814814814814814, 3.074074074074074, 1.6666666666666667, 0.14814814814814814, 6.037037037037037, 2.111111111111111, 0.07407407407407407, 0.3333333333333333, -0.2962962962962963, -0.48148148148148145, 0.0, 0.0, 0.0, 0.0, 0.0, 0.0, 0.5370370370370371, 0.3333333333333333, 0.24074074074074073, 0.12962962962962962, 0.07407407407407407, 0.018518518518518517, 1.4444444444444444, 0.6666666666666666, 0.4444444444444444, 0.25925925925925924, 0.2037037037037037, 0.037037037037037035, 1.2222222222222223, 0.5185185185185185, 0.46296296296296297, 0.5, 0.0, 0.14814814814814814, 0.14814814814814814, 0.0, 1.9259259259259258, 0.5740740740740741, 0.5555555555555556, 0.46296296296296297, 0.2962962962962963, 0.037037037037037035, 0.1111111111111111, 0.0, 2.388888888888889, 0.9074074074074074, 1.1666666666666667, 1.0185185185185186, 0.24074074074074073, 0.24074074074074073, 0.24074074074074073, 0.05555555555555555]
0.3888888888888889, -6.55011036574074, [0.3888888888888889, 0.1111111111111111, 0.9259259259259259, 0.8148148148148148, 0.037037037037037035, 1.1481481481481481, 0.7777777777777778, 0.1111111111111111, 0.9629629629629629, 0.4444444444444444, 0.0, 2.4444444444444446, 1.2222222222222223, 0.14814814814814814, 3.2222222222222223, 1.6666666666666667, 0.14814814814814814, 6.074074074074074, 3.111111111111111, 0.25925925925925924, 0.2962962962962963, 0.4444444444444444, 0.5555555555555556, 0.0, 0.0, 0.0, 0.0, 0.0, 0.0, 0.46296296296296297, 0.5, 0.3333333333333333, 0.1111111111111111, 0.07407407407407407, 0.0, 1.6666666666666667, 0.7962962962962963, 0.2962962962962963, 0.18518518518518517, 0.2037037037037037, 0.037037037037037035, 1.4259259259259258, 0.6111111111111112, 0.3148148148148148, 0.5555555555555556, 0.0, 0.0, 0.12962962962962962, 0.0, 2.0925925925925926, 0.46296296296296297, 0.7037037037037037, 0.5555555555555556, 0.18518518518518517, 0.0, 0.1111111111111111, 0.0, 2.814814814814815, 0.8148148148148148, 1.3518518518518519, 1.0925925925925926, 0.12962962962962962, 0.2777777777777778, 0.25925925925925924, 0.018518518518518517]
0.3888888888888889, -6.547292030555555, [0.3888888888888889, 0.1111111111111111, 1.037037037037037, 0.8148148148148148, 0.0, 1.2962962962962963, 0.8518518518518519, 0.07407407407407407, 0.7037037037037037, 0.5185185185185185, 0.0, 2.3703703703703702, 1.1481481481481481, 0.25925925925925924, 3.074074074074074, 1.7407407407407407, 0.14814814814814814, 6.037037037037037, 2.8518518518518516, 0.25925925925925924, 0.25925925925925924, 0.5185185185185185, -0.1111111111111111, 0.0, 0.0, 0.0, 0.0, 0.0, 0.0, 0.6296296296296297, 0.5925925925925926, 0.3148148148148148, 0.07407407407407407, 0.0, 0.0, 1.6481481481481481, 0.8333333333333334, 0.35185185185185186, 0.1111111111111111, 0.37037037037037035, 0.037037037037037035, 1.2407407407407407, 0.4444444444444444, 0.2962962962962963, 0.48148148148148145, 0.0, 0.0, 0.18518518518518517, 0.0, 1.6851851851851851, 0.6111111111111112, 0.5925925925925926, 0.6481481481481481, 0.1111111111111111, 0.0, 0.1111111111111111, 0.0, 3.037037037037037, 0.8518518518518519, 1.3518518518518519, 1.0925925925925926, 0.0, 0.48148148148148145, 0.24074074074074073, 0.0]
0.3888888888888889, -6.531488223888889, [0.3888888888888889, 0.1111111111111111, 1.0, 0.7777777777777778, 0.037037037037037035, 1.2222222222222223, 0.9259259259259259, 0.07407407407407407, 0.8888888888888888, 0.37037037037037035, 0.07407407407407407, 2.3703703703703702, 1.2222222222222223, 0.2222222222222222, 3.185185185185185, 1.7407407407407407, 0.14814814814814814, 6.111111111111111, 3.037037037037037, 0.37037037037037035, 0.4074074074074074, 0.6666666666666666, 0.25925925925925924, 0.0, 0.0, 0.0, 0.0, 0.0, 0.0, 0.6296296296296297, 0.5370370370370371, 0.3148148148148148, 0.05555555555555555, 0.07407407407407407, 0.0, 1.5740740740740742, 0.9629629629629629, 0.37037037037037035, 0.1111111111111111, 0.35185185185185186, 0.037037037037037035, 1.3518518518518519, 0.46296296296296297, 0.25925925925925924, 0.4074074074074074, 0.1111111111111111, 0.037037037037037035, 0.12962962962962962, 0.018518518518518517, 1.8518518518518519, 0.4444444444444444, 0.7222222222222222, 0.48148148148148145, 0.09259259259259259, 0.2037037037037037, 0.09259259259259259, 0.018518518518518517, 2.9444444444444446, 0.8888888888888888, 1.2592592592592593, 1.0740740740740742, 0.1111111111111111, 0.3888888888888889, 0.25925925925925924, 0.037037037037037035]
0.3888888888888889, -6.5420486853703705, [0.3888888888888889, 0.1111111111111111, 1.0, 0.8888888888888888, 0.0, 1.3703703703703705, 0.6666666666666666, 0.1111111111111111, 1.0, 0.0, 0.25925925925925924, 2.0, 1.7037037037037037, 0.0, 3.074074074074074, 1.4814814814814814, 0.2222222222222222, 6.222222222222222, 4.0, 0.25925925925925924, 0.48148148148148145, 0.9629629629629629, 0.7037037037037037, 0.0, 0.0, 0.0, 0.0, 0.0, 0.0, 0.5555555555555556, 0.6111111111111112, 0.4074074074074074, 0.1111111111111111, 0.0, 0.0, 1.0925925925925926, 1.1851851851851851, 0.7592592592592593, 0.18518518518518517, 0.0, 0.0, 1.6111111111111112, 0.5370370370370371, 0.0, 0.0, 0.8518518518518519, 0.0, 0.0, 0.0, 2.111111111111111, 0.0, 0.6296296296296297, 0.0, 0.0, 0.6666666666666666, 0.0, 0.2222222222222222, 2.462962962962963, 1.2037037037037037, 1.2222222222222223, 1.6481481481481481, 0.0, 0.0, 0.4074074074074074, 0.0]
0.3888888888888889, -6.5499924362962965, [0.3888888888888889, 0.1111111111111111, 0.8888888888888888, 0.8888888888888888, 0.0, 1.1481481481481481, 0.6666666666666666, 0.1111111111111111, 1.2592592592592593, 0.0, 0.2962962962962963, 2.111111111111111, 1.7777777777777777, 0.0, 3.111111111111111, 1.4074074074074074, 0.2222222222222222, 6.222222222222222, 3.8518518518518516, -0.037037037037037035, 0.7407407407407407, 0.8518518518518519, 0.0, 0.0, 0.0, 0.0, 0.0, 0.0, 0.0, 0.48148148148148145, 0.5555555555555556, 0.37037037037037035, 0.1111111111111111, 0.0, 0.0, 1.3333333333333333, 1.2777777777777777, 0.7407407407407407, 0.2222222222222222, 0.0, 0.0, 1.6666666666666667, 0.8888888888888888, 0.0, 0.0, 0.8888888888888888, 0.0, 0.0, 0.0, 2.7777777777777777, 0.0, 0.6666666666666666, 0.0, 0.0, 0.6666666666666666, 0.0, 0.2222222222222222, 2.2777777777777777, 1.1111111111111112, 1.2777777777777777, 1.7777777777777777, 0.0, 0.0, 0.4444444444444444, 0.0]
0.3888888888888889, -6.548934254259259, [0.3888888888888889, 0.1111111111111111, 0.8518518518518519, 0.8888888888888888, 0.0, 1.1851851851851851, 0.6666666666666666, 0.1111111111111111, 1.1851851851851851, 0.037037037037037035, 0.25925925925925924, 2.2222222222222223, 1.7777777777777777, 0.0, 3.2962962962962963, 1.4444444444444444, 0.2222222222222222, 6.222222222222222, 2.6666666666666665, 0.2962962962962963, 0.0, 0.7407407407407407, -0.18518518518518517, 0.0, 0.0, 0.0, 0.0, 0.0, 0.0, 0.42592592592592593, 0.5, 0.37037037037037035, 0.1111111111111111, 0.0, 0.0, 1.3333333333333333, 1.3333333333333333, 0.7407407407407407, 0.2222222222222222, 0.0, 0.0, 1.7037037037037037, 0.8888888888888888, 0.0, 0.0, 0.8888888888888888, 0.0, 0.0, 0.0, 2.611111111111111, 0.018518518518518517, 0.6666666666666666, 0.037037037037037035, 0.0, 0.6851851851851852, 0.0, 0.2222222222222222, 2.4074074074074074, 1.0, 1.3333333333333333, 1.7777777777777777, 0.0, 0.0, 0.4444444444444444, 0.0]
0.375, -6.459629015625, [0.375, 0.125, 1.25, 0.5, 0.25, 1.0, 1.0, 0.0, 0.5, 0.5, 0.0, 2.0, 2.0, 0.0, 2.0, 2.0, 0.0, 6.0, 2.0, 0.0, 0.5, -1.0, 0.0, 0.0, -0.5, -1.0, 1.5, 0.5, 0.5, 1.0, 0.5, 0.0, 0.0, 0.5, 0.0, 1.0, 2.0, 1.0, 0.0, 0.0, 0.0, 1.5, 0.5, 1.0, 0.5, 0.0, 0.5, 0.0, 0.0, 1.0, 1.0, 1.0, 1.0, 0.0, 0.0, 0.0, 0.0, 3.0, 2.0, 1.0, 1.0, 1.0, 0.0, 0.0, 0.0]
0.375, -6.4988506425, [0.375, 0.125, 1.0, 1.0, 0.0, 1.0, 1.0, 0.0, 0.75, 0.0, 0.25, 2.0, 2.0, 0.0, 2.0, 2.0, 0.0, 6.0, 2.0, 1.0, 0.75, -2.0, 2.0, -1.0, -1.0, -2.0, 2.0, 0.0, 1.0, 0.5, 1.0, 0.5, 0.0, 0.0, 0.0, 1.0, 2.0, 1.0, 0.0, 0.0, 0.0, 2.0, 1.0, 0.0, 0.0, 1.0, 0.0, 0.0, 0.0, 2.0, 0.0, 1.0, 0.0, 0.0, 1.0, 0.0, 0.0, 2.0, 2.0, 2.0, 2.0, 0.0, 0.0, 0.0, 0.0]
0.375, -6.4675374475, [0.375, 0.125, 1.0, 1.0, 0.0, 1.5, 0.0, 0.5, 0.5, 0.5, 0.0, 2.0, 2.0, 0.0, 2.0, 2.0, 0.0, 6.0, 4.0, 0.5, 0.5, 0.0, 2.0, 0.0, 0.0, 0.0, 1.0, 0.0, 1.0, 1.0, 0.0, 0.5, 0.5, 0.0, 0.0, 2.0, 0.0, 1.0, 1.0, 0.0, 0.0, 1.0, 1.0, 1.0, 1.0, 0.0, 0.0, 0.0, 0.0, 2.0, 1.0, 0.0, 0.0, 1.0, 0.0, 0.0, 0.0, 2.0, 2.0, 2.0, 2.0, 0.0, 0.0, 0.0, 0.0]
0.375, -6.4790117775, [0.375, 0.125, 1.0, 1.0, 0.0, 1.5, 0.0, 0.5, 0.5, 0.5, 0.0, 2.0, 2.0, 0.0, 2.0, 2.0, 0.0, 6.0, 2.0, 1.5, 0.5, -2.0, 2.0, -2.0, 0.0, -1.0, 1.0, -1.0, 1.0, 1.0, 0.0, 0.5, 0.5, 0.0, 0.0, 2.0, 0.0, 1.0, 1.0, 0.0, 0.0, 1.0, 1.0, 1.0, 1.0, 0.0, 0.0, 0.0, 0.0, 2.0, 1.0, 0.0, 0.0, 1.0, 0.0, 0.0, 0.0, 2.0, 2.0, 2.0, 2.0, 0.0, 0.0, 0.0, 0.0]
0.375, -6.435982720625, [0.375, 0.125, 1.0, 1.0, 0.0, 1.0, 1.0, 0.0, 0.5, 0.5, 0.0, 2.0, 2.0, 0.0, 3.0, 0.0, 1.0, 6.0, 2.0, -1.0, 0.5, 0.0, -1.0, 0.0, 0.0, 0.0, 1.0, 0.0, 1.0, 0.5, 1.0, 0.5, 0.0, 0.0, 0.0, 1.0, 2.0, 1.0, 0.0, 0.0, 0.0, 1.0, 1.0, 1.0, 1.0, 0.0, 0.0, 0.0, 0.0, 2.0, 0.0, 0.0, 1.0, 0.0, 0.0, 1.0, 0.0, 4.0, 0.0, 0.0, 2.0, 0.0, 0.0, 2.0, 0.0]
0.375, -6.454320684375, [0.375, 0.125, 1.0, 1.0, 0.0, 1.0, 1.0, 0.0, 0.5, 0.5, 0.0, 2.0, 2.0, 0.0, 3.0, 0.0, 1.0, 6.0, 2.0, 1.0, 0.5, -2.0, 3.0, -1.0, -1.0, -1.0, 1.0, -1.0, 1.0, 0.5, 1.0, 0.5, 0.0, 0.0, 0.0, 1.0, 2.0, 1.0, 0.0, 0.0, 0.0, 1.0, 1.0, 1.0, 1.0, 0.0, 0.0, 0.0, 0.0, 2.0, 0.0, 0.0, 1.0, 0.0, 0.0, 1.0, 0.0, 4.0, 0.0, 0.0, 2.0, 0.0, 0.0, 2.0, 0.0]
0.4375, -6.868150240625, [0.4375, 0.0625, 1.5, 0.5, 0.0, 1.5, 0.5, 0.0, 0.75, 0.25, 0.0, 3.0, 1.0, 0.0, 3.0, 1.0, 0.0, 7.0, 3.0, 0.5, 0.25, -1.0, 3.0, -0.5, -0.5, -0.5, 0.5, -0.5, 0.5, 1.25, 0.5, 0.25, 0.0, 0.0, 0.0, 2.5, 1.0, 0.5, 0.0, 0.0, 0.0, 2.5, 0.5, 0.5, 0.5, 0.0, 0.0, 0.0, 0.0, 2.5, 0.5, 0.5, 0.5, 0.0, 0.0, 0.0, 0.0, 5.0, 1.0, 1.0, 1.0, 0.0, 0.0, 0.0, 0.0]
0.4375, -6.920306906875, [0.4375, 0.0625, 1.5, 0.5, 0.0, 1.5, 0.5, 0.0, 0.75, 0.25, 0.0, 3.0, 1.0, 0.0, 3.0, 1.0, 0.0, 7.0, 1.0, 1.5, 0.75, -3.0, 3.0, -2.5, -0.5, -2.5, 2.5, -0.5, 0.5, 1.25, 0.5, 0.25, 0.0, 0.0, 0.0, 2.5, 1.0, 0.5, 0.0, 0.0, 0.0, 2.5, 0.5, 0.5, 0.5, 0.0, 0.0, 0.0, 0.0, 2.5, 0.5, 0.5, 0.5, 0.0, 0.0, 0.0, 0.0, 5.0, 1.0, 1.0, 1.0, 0.0, 0.0, 0.0, 0.0]
0.4375, -6.874182980625, [0.4375, 0.0625, 1.5, 0.5, 0.0, 1.5, 0.5, 0.0, 0.75, 0.25, 0.0, 3.0, 1.0, 0.0, 3.0, 1.0, 0.0, 7.0, 1.0, 0.5, 0.25, -2.0, 1.0, -0.5, -0.5, -1.0, 1.0, 0.0, 0.0, 1.25, 0.5, 0.25, 0.0, 0.0, 0.0, 2.5, 1.0, 0.5, 0.0, 0.0, 0.0, 2.5, 0.5, 0.5, 0.5, 0.0, 0.0, 0.0, 0.0, 2.5, 0.5, 0.5, 0.5, 0.0, 0.0, 0.0, 0.0, 5.0, 1.0, 1.0, 1.0, 0.0, 0.0, 0.0, 0.0]
0.4375, -6.892399390625, [0.4375, 0.0625, 1.5, 0.5, 0.0, 1.5, 0.5, 0.0, 0.75, 0.25, 0.0, 3.0, 1.0, 0.0, 3.0, 1.0, 0.0, 7.0, 1.0, 0.5, 0.25, -1.0, 1.0, -2.0, 0.0, -1.5, 1.0, -0.5, 0.0, 1.25, 0.5, 0.25, 0.0, 0.0, 0.0, 2.5, 1.0, 0.5, 0.0, 0.0, 0.0, 2.5, 0.5, 0.5, 0.5, 0.0, 0.0, 0.0, 0.0, 2.5, 0.5, 0.5, 0.5, 0.0, 0.0, 0.0, 0.0, 5.0, 1.0, 1.0, 1.0, 0.0, 0.0, 0.0, 0.0]
0.4375, -6.888736515625, [0.4375, 0.0625, 1.5, 0.5, 0.0, 1.5, 0.5, 0.0, 0.75, 0.25, 0.0, 3.0, 1.0, 0.0, 3.0, 1.0, 0.0, 7.0, 3.0, 0.5, 0.75, -1.0, 1.0, -0.5, -0.5, -1.5, 2.5, 0.5, 0.5, 1.25, 0.5, 0.25, 0.0, 0.0, 0.0, 2.5, 1.0, 0.5, 0.0, 0.0, 0.0, 2.5, 0.5, 0.5, 0.5, 0.0, 0.0, 0.0, 0.0, 2.5, 0.5, 0.5, 0.5, 0.0, 0.0, 0.0, 0.0, 5.0, 1.0, 1.0, 1.0, 0.0, 0.0, 0.0, 0.0]
0.4375, -6.868001514375, [0.4375, 0.0625, 1.5, 0.5, 0.0, 1.5, 0.5, 0.0, 0.75, 0.25, 0.0, 3.0, 1.0, 0.0, 3.0, 1.0, 0.0, 7.0, 3.0, -0.5, 0.75, 0.0, -1.0, 0.0, 0.0, 0.0, 2.5, 0.0, 0.5, 1.25, 0.5, 0.25, 0.0, 0.0, 0.0, 2.5, 1.0, 0.5, 0.0, 0.0, 0.0, 2.5, 0.5, 0.5, 0.5, 0.0, 0.0, 0.0, 0.0, 2.5, 0.5, 0.5, 0.5, 0.0, 0.0, 0.0, 0.0, 5.0, 1.0, 1.0, 1.0, 0.0, 0.0, 0.0, 0.0]
0.5, -7.256279382734375, [0.5, 0.0, 2.0, 0.0, 0.0, 2.234375, 0.0, 0.0, 0.875, 0.0, 0.0, 3.875, 0.0, 0.0, 4.1875, 0.0, 0.0, 7.75, 5.25, 0.953125, 0.5, 1.71875, 1.6875, 0.75, 0.0, 0.734375, 0.0, 0.0, 0.0, 2.0, 0.0, 0.0, 0.0, 0.0, 0.0, 3.78125, 0.0, 0.0, 0.0, 0.0, 0.0, 3.4375, 0.0, 0.0, 0.0, 0.0, 0.0, 0.0, 0.0, 3.46875, 0.0, 0.0, 0.0, 0.0, 0.0, 0.0, 0.0, 7.65625, 0.0, 0.0, 0.0, 0.0, 0.0, 0.0, 0.0]
0.5, -7.2589233728125, [0.5, 0.0, 2.0, 0.0, 0.0, 2.0, 0.0, 0.0, 1.0, 0.0, 0.0, 4.0, 0.0, 0.0, 4.0, 0.0, 0.0, 8.0, 6.0, 1.0, 1.0, 2.0, 2.0, 2.0, 0.0, 2.0, 4.0, 0.0, 0.0, 2.0, 0.0, 0.0, 0.0, 0.0, 0.0, 4.0, 0.0, 0.0, 0.0, 0.0, 0.0, 4.0, 0.0, 0.0, 0.0, 0.0, 0.0, 0.0, 0.0, 4.0, 0.0, 0.0, 0.0, 0.0, 0.0, 0.0, 0.0, 8.0, 0.0, 0.0, 0.0, 0.0, 0.0, 0.0, 0.0]
0.5, -7.281118863148148, [0.5, 0.0, 2.0, 0.0, 0.0, 2.0, 0.0, 0.0, 1.0, 0.0, 0.0, 4.0, 0.0, 0.0, 5.222222222222222, 0.0, 0.0, 8.0, 2.6666666666666665, -0.2222222222222222, 0.4074074074074074, 0.7407407407407407, -2.037037037037037, 0.0, 0.0, 0.0, 0.0, 0.0, 0.0, 2.0, 0.0, 0.0, 0.0, 0.0, 0.0, 4.0, 0.0, 0.0, 0.0, 0.0, 0.0, 4.0, 0.0, 0.0, 0.0, 0.0, 0.0, 0.0, 0.0, 4.0, 0.0, 0.0, 0.0, 0.0, 0.0, 0.0, 0.0, 8.0, 0.0, 0.0, 0.0, 0.0, 0.0, 0.0, 0.0]
0.5, -7.258910024814815, [0.5, 0.0, 1.962962962962963, 0.0, 0.0, 2.074074074074074, 0.0, 0.0, 1.4074074074074074, 0.0, 0.0, 4.0, 0.0, 0.0, 5.111111111111111, 0.0, 0.0, 8.0, 5.037037037037037, 0.8148148148148148, 0.7407407407407407, 1.6296296296296295, 1.1111111111111112, 0.14814814814814814, 0.0, 0.14814814814814814, 0.14814814814814814, 0.0, 0.0, 1.8888888888888888, 0.0, 0.0, 0.0, 0.0, 0.0, 3.925925925925926, 0.0, 0.0, 0.0, 0.0, 0.0, 3.925925925925926, 0.0, 0.0, 0.0, 0.0, 0.0, 0.0, 0.0, 4.518518518518518, 0.0, 0.0, 0.0, 0.0, 0.0, 0.0, 0.0, 7.851851851851852, 0.0, 0.0, 0.0, 0.0, 0.0, 0.0, 0.0]
0.5, -7.262729869999999, [0.5, 0.0, 2.0, 0.0, 0.0, 2.037037037037037, 0.0, 0.0, 1.3333333333333333, 0.0, 0.0, 4.0, 0.0, 0.0, 5.185185185185185, 0.0, 0.0, 8.0, 4.444444444444445, 0.6296296296296297, 0.5185185185185185, 1.1851851851851851, 0.5925925925925926, 0.0, 0.0, 0.0, 0.0, 0.0, 0.0, 1.9259259259259258, 0.0, 0.0, 0.0, 0.0, 0.0, 3.8518518518518516, 0.0, 0.0, 0.0, 0.0, 0.0, 4.0, 0.0, 0.0, 0.0, 0.0, 0.0, 0.0, 0.0, 4.351851851851852, 0.0, 0.0, 0.0, 0.0, 0.0, 0.0, 0.0, 8.0, 0.0, 0.0, 0.0, 0.0, 0.0, 0.0, 0.0]
0.5, -7.274092110370371, [0.5, 0.0, 1.962962962962963, 0.0, 0.0, 2.037037037037037, 0.0, 0.0, 1.4444444444444444, 0.0, 0.0, 4.0, 0.0, 0.0, 5.037037037037037, 0.0, 0.0, 8.0, 4.444444444444445, 0.7037037037037037, 1.0740740740740742, 0.7407407407407407, 0.5925925925925926, 0.0, 0.0, 0.0, 0.0, 0.0, 0.0, 1.9259259259259258, 0.0, 0.0, 0.0, 0.0, 0.0, 4.0, 0.0, 0.0, 0.0, 0.0, 0.0, 3.925925925925926, 0.0, 0.0, 0.0, 0.0, 0.0, 0.0, 0.0, 4.574074074074074, 0.0, 0.0, 0.0, 0.0, 0.0, 0.0, 0.0, 7.851851851851852, 0.0, 0.0, 0.0, 0.0, 0.0, 0.0, 0.0]
0.5, -7.28478835537037, [0.5, 0.0, 1.8518518518518519, 0.0, 0.0, 1.9259259259259258, 0.0, 0.0, 1.4444444444444444, 0.0, 0.0, 4.0, 0.0, 0.0, 5.2592592592592595, 0.0, 0.0, 8.0, 2.2222222222222223, 0.14814814814814814, -0.18518518518518517, 0.5925925925925926, -1.1111111111111112, 0.0, 0.0, 0.0, 0.0, 0.0, 0.0, 1.5925925925925926, 0.0, 0.0, 0.0, 0.0, 0.0, 3.6296296296296298, 0.0, 0.0, 0.0, 0.0, 0.0, 3.7037037037037037, 0.0, 0.0, 0.0, 0.0, 0.0, 0.0, 0.0, 4.407407407407407, 0.0, 0.0, 0.0, 0.0, 0.0, 0.0, 0.0, 7.407407407407407, 0.0, 0.0, 0.0, 0.0, 0.0, 0.0, 0.0]
0.5, -7.28326634375, [0.5, 0.0, 2.0, 0.0, 0.0, 2.0, 0.0, 0.0, 1.0, 0.0, 0.0, 4.0, 0.0, 0.0, 4.0, 0.0, 0.0, 8.0, 4.0, 0.0, 1.0, 0.0, 0.0, 0.0, 0.0, 0.0, 4.0, 0.0, 0.0, 2.0, 0.0, 0.0, 0.0, 0.0, 0.0, 4.0, 0.0, 0.0, 0.0, 0.0, 0.0, 4.0, 0.0, 0.0, 0.0, 0.0, 0.0, 0.0, 0.0, 4.0, 0.0, 0.0, 0.0, 0.0, 0.0, 0.0, 0.0, 8.0, 0.0, 0.0, 0.0, 0.0, 0.0, 0.0, 0.0]
0.5, -7.26464146625, [0.5, 0.0, 2.0, 0.0, 0.0, 2.0, 0.0, 0.0, 1.0, 0.0, 0.0, 4.0, 0.0, 0.0, 4.0, 0.0, 0.0, 8.0, 4.0, 2.0, 0.0, 0.0, 0.0, 0.0, 0.0, 0.0, 0.0, 0.0, 0.0, 2.0, 0.0, 0.0, 0.0, 0.0, 0.0, 4.0, 0.0, 0.0, 0.0, 0.0, 0.0, 4.0, 0.0, 0.0, 0.0, 0.0, 0.0, 0.0, 0.0, 4.0, 0.0, 0.0, 0.0, 0.0, 0.0, 0.0, 0.0, 8.0, 0.0, 0.0, 0.0, 0.0, 0.0, 0.0, 0.0]
0.375, -6.45647418125, [0.375, 0.125, 1.25, 0.5, 0.25, 1.0, 1.0, 0.0, 0.5, 0.5, 0.0, 2.0, 2.0, 0.0, 2.0, 2.0, 0.0, 6.0, 2.0, 1.0, 0.0, 0.0, 0.0, -2.0, 0.5, -0.5, 0.0, -1.0, 0.0, 1.0, 0.5, 0.0, 0.0, 0.5, 0.0, 1.0, 2.0, 1.0, 0.0, 0.0, 0.0, 1.5, 0.5, 1.0, 0.5, 0.0, 0.5, 0.0, 0.0, 1.0, 1.0, 1.0, 1.0, 0.0, 0.0, 0.0, 0.0, 3.0, 2.0, 1.0, 1.0, 1.0, 0.0, 0.0, 0.0]
0.375, -6.460982859375, [0.375, 0.125, 1.0, 1.0, 0.0, 1.0, 1.0, 0.0, 0.75, 0.0, 0.25, 2.0, 2.0, 0.0, 2.0, 2.0, 0.0, 6.0, 2.0, 1.0, -0.25, 0.0, -2.0, 0.0, 0.0, 0.0, 0.0, 0.0, -1.0, 0.5, 1.0, 0.5, 0.0, 0.0, 0.0, 1.0, 2.0, 1.0, 0.0, 0.0, 0.0, 2.0, 1.0, 0.0, 0.0, 1.0, 0.0, 0.0, 0.0, 2.0, 0.0, 1.0, 0.0, 0.0, 1.0, 0.0, 0.0, 2.0, 2.0, 2.0, 2.0, 0.0, 0.0, 0.0, 0.0]