Clusters
[[1], [0], [0]]
[[2], [0], [0]]
[[1, 1], [0.5], [0]]
[[1, 2], [0.5], [0]]
[[2, 2], [0.5], [0]]
[[1, 1], [0.7071067811865476], [0]]
[[1, 2], [0.7071067811865476], [0]]
[[2, 2], [0.7071067811865476], [0]]
[[1, 1], [0.75], [0]]
[[1, 2], [0.75], [0]]
[[2, 2], [0.75], [0]]
[[1, 1], [0.9013878188659973], [0]]
[[1, 2], [0.9013878188659973], [0]]
[[2, 2], [0.9013878188659973], [0]]
[[1, 1], [1.0307764064044151], [0]]
[[1, 2], [1.0307764064044151], [0]]
[[2, 2], [1.0307764064044151], [0]]
[[0, 1], [0.515388203], [0]]
[[0, 1], [0.515388203], [1]]
[[1, 1, 1], [0.7071067811865476, 0.5, 0.5], [1]]
[[1, 1, 2], [0.7071067811865476, 0.5, 0.5], [1]]
[[1, 1, 1], [0.5, 0.5, 0.7071067811865476], [1]]
[[1, 1, 2], [0.5, 0.5, 0.7071067811865476], [1]]
[[1, 1, 1], [0.5, 0.75, 0.9013878188659973], [1]]
[[1, 1, 2], [0.5, 0.75, 0.9013878188659973], [1]]
[[1, 1, 1], [0.75, 0.5, 0.9013878188659973], [1]]
[[1, 1, 2], [0.75, 0.5, 0.9013878188659973], [1]]
[[1, 1, 1], [0.5, 0.5, 0.7071067811865476], [0]]
[[1, 1, 2], [0.5, 0.5, 0.7071067811865476], [0]]
[[2, 1, 1], [0.5, 0.5, 0.7071067811865476], [0]]
[[1, 2, 2], [0.5, 0.5, 0.7071067811865476], [0]]
[[2, 2, 1], [0.5, 0.5, 0.7071067811865476], [0]]
[[2, 2, 2], [0.5, 0.5, 0.7071067811865476], [0]]
[[1, 1, 1], [0.9013878188659973, 0.9013878188659973, 0.7071067811865476], [0]]
[[1, 1, 2], [0.9013878188659973, 0.9013878188659973, 0.7071067811865476], [0]]
[[2, 1, 1], [0.9013878188659973, 0.9013878188659973, 0.7071067811865476], [0]]
[[1, 2, 2], [0.9013878188659973, 0.9013878188659973, 0.7071067811865476], [0]]
[[2, 2, 1], [0.9013878188659973, 0.9013878188659973, 0.7071067811865476], [0]]
[[2, 2, 2], [0.9013878188659973, 0.9013878188659973, 0.7071067811865476], [0]]
[[1, 1, 1], [0.9013878188659973, 0.5, 0.75], [0]]
[[2, 1, 1], [0.9013878188659973, 0.5, 0.75], [0]]
[[1, 2, 1], [0.9013878188659973, 0.5, 0.75], [0]]
[[1, 1, 2], [0.9013878188659973, 0.5, 0.75], [0]]
[[1, 2, 2], [0.9013878188659973, 0.5, 0.75], [0]]
[[2, 1, 2], [0.9013878188659973, 0.5, 0.75], [0]]
[[2, 2, 1], [0.9013878188659973, 0.5, 0.75], [0]]
[[2, 2, 2], [0.9013878188659973, 0.5, 0.75], [0]]
[[1, 1, 1], [1.0307764064044151, 0.75, 0.7071067811865476], [0]]
[[2, 1, 1], [1.0307764064044151, 0.75, 0.7071067811865476], [0]]
[[1, 2, 1], [1.0307764064044151, 0.75, 0.7071067811865476], [0]]
[[1, 1, 2], [1.0307764064044151, 0.75, 0.7071067811865476], [0]]
[[1, 2, 2], [1.0307764064044151, 0.75, 0.7071067811865476], [0]]
[[2, 1, 2], [1.0307764064044151, 0.75, 0.7071067811865476], [0]]
[[2, 2, 1], [1.0307764064044151, 0.75, 0.7071067811865476], [0]]
[[2, 2, 2], [1.0307764064044151, 0.75, 0.7071067811865476], [0]]
[[1, 1, 1], [1.0307764064044151, 0.9013878188659973, 0.5], [0]]
[[2, 1, 1], [1.0307764064044151, 0.9013878188659973, 0.5], [0]]
[[1, 2, 1], [1.0307764064044151, 0.9013878188659973, 0.5], [0]]
[[1, 1, 2], [1.0307764064044151, 0.9013878188659973, 0.5], [0]]
[[1, 2, 2], [1.0307764064044151, 0.9013878188659973, 0.5], [0]]
[[2, 1, 2], [1.0307764064044151, 0.9013878188659973, 0.5], [0]]
[[2, 2, 1], [1.0307764064044151, 0.9013878188659973, 0.5], [0]]
[[2, 2, 2], [1.0307764064044151, 0.9013878188659973, 0.5], [0]]
Counts
0.5, -7.33300269, [0.5, 0.0, 1.0, 0.0, 0.0, 1.0, 0.0, 0.0, 1.0, 0.0, 0.0, 1.0, 0.0, 0.0, 1.0, 0.0, 0.0, 0.0, 0.0, 4.0, 0.0, -4.0, 0.0, -4.0, 0.0, -4.0, 0.0, 24.0, 0.0, 0.0, 0.0, 0.0, 0.0, 48.0, 0.0, 0.0, 0.0, 0.0, 0.0, 24.0, 0.0, 0.0, 0.0, 0.0, 0.0, 0.0, 0.0, 24.0, 0.0, 0.0, 0.0, 0.0, 0.0, 0.0, 0.0, 48.0, 0.0, 0.0, 0.0, 0.0, 0.0, 0.0, 0.0]
0.375, -6.474497874375, [0.375, 0.125, 0.75, 0.0, 0.25, 0.75, 0.0, 0.25, 0.75, 0.0, 0.25, 0.75, 0.0, 0.25, 0.75, 0.0, 0.25, 0.0, 0.0, 2.0, -1.0, -2.0, 0.0, -1.0, -1.0, 0.0, 0.0, 12.0, 0.0, 6.0, 6.0, 0.0, 0.0, 24.0, 0.0, 12.0, 12.0, 0.0, 0.0, 6.0, 6.0, 6.0, 6.0, 0.0, 0.0, 0.0, 0.0, 12.0, 6.0, 0.0, 0.0, 6.0, 0.0, 0.0, 0.0, 12.0, 12.0, 12.0, 12.0, 0.0, 0.0, 0.0, 0.0]
0.375, -6.45647418125, [0.375, 0.125, 0.75, 0.0, 0.25, 0.75, 0.0, 0.25, 0.75, 0.0, 0.25, 0.75, 0.0, 0.25, 0.75, 0.0, 0.25, 0.0, 0.0, 2.0, 0.0, -2.0, 0.5, -0.5, -1.0, 0.0, 0.0, 12.0, 3.0, 0.0, 0.0, 3.0, 0.0, 12.0, 12.0, 12.0, 0.0, 0.0, 0.0, 9.0, 3.0, 6.0, 3.0, 0.0, 3.0, 0.0, 0.0, 6.0, 6.0, 6.0, 6.0, 0.0, 0.0, 0.0, 0.0, 18.0, 12.0, 6.0, 6.0, 6.0, 0.0, 0.0, 0.0]
0.375, -6.47672151125, [0.375, 0.125, 0.75, 0.0, 0.25, 0.75, 0.0, 0.25, 0.75, 0.0, 0.25, 0.75, 0.0, 0.25, 0.75, 0.0, 0.25, 0.0, 0.0, 2.0, 0.0, -2.0, -0.5, -1.5, -1.0, 1.5, 0.5, 12.0, 3.0, 0.0, 0.0, 3.0, 0.0, 12.0, 12.0, 12.0, 0.0, 0.0, 0.0, 9.0, 3.0, 6.0, 3.0, 0.0, 3.0, 0.0, 0.0, 6.0, 6.0, 6.0, 6.0, 0.0, 0.0, 0.0, 0.0, 18.0, 12.0, 6.0, 6.0, 6.0, 0.0, 0.0, 0.0]
0.375, -6.49637069625, [0.375, 0.125, 0.75, 0.0, 0.25, 0.75, 0.0, 0.25, 0.75, 0.0, 0.25, 0.75, 0.0, 0.25, 0.75, 0.0, 0.25, 0.0, 0.0, 1.0, 1.0, -1.0, -1.0, -2.0, 0.0, 2.0, 1.0, 6.0, 6.0, 6.0, 0.0, 0.0, 0.0, 12.0, 12.0, 12.0, 0.0, 0.0, 0.0, 12.0, 6.0, 0.0, 0.0, 6.0, 0.0, 0.0, 0.0, 12.0, 0.0, 6.0, 0.0, 0.0, 6.0, 0.0, 0.0, 12.0, 12.0, 12.0, 12.0, 0.0, 0.0, 0.0, 0.0]
0.375, -6.496370695625, [0.375, 0.125, 0.75, 0.0, 0.25, 0.75, 0.0, 0.25, 0.75, 0.0, 0.25, 0.75, 0.0, 0.25, 0.75, 0.0, 0.25, 0.0, 0.0, 1.0, 1.0, -1.0, -1.0, -2.0, 0.0, 2.0, 1.0, 6.0, 6.0, 6.0, 0.0, 0.0, 0.0, 12.0, 12.0, 12.0, 0.0, 0.0, 0.0, 12.0, 6.0, 0.0, 0.0, 6.0, 0.0, 0.0, 0.0, 12.0, 0.0, 6.0, 0.0, 0.0, 6.0, 0.0, 0.0, 12.0, 12.0, 12.0, 12.0, 0.0, 0.0, 0.0, 0.0]
0.375, -6.476438305, [0.375, 0.125, 0.75, 0.0, 0.25, 0.75, 0.0, 0.25, 0.75, 0.0, 0.25, 0.75, 0.0, 0.25, 0.75, 0.0, 0.25, 0.0, 0.0, 2.0, 1.0, -2.0, 0.0, -1.0, -1.0, 1.0, 1.0, 12.0, 0.0, 6.0, 6.0, 0.0, 0.0, 24.0, 0.0, 12.0, 12.0, 0.0, 0.0, 6.0, 6.0, 6.0, 6.0, 0.0, 0.0, 0.0, 0.0, 12.0, 6.0, 0.0, 0.0, 6.0, 0.0, 0.0, 0.0, 12.0, 12.0, 12.0, 12.0, 0.0, 0.0, 0.0, 0.0]
0.375, -6.456447061875, [0.375, 0.125, 0.75, 0.0, 0.25, 0.75, 0.0, 0.25, 0.75, 0.0, 0.25, 0.75, 0.0, 0.25, 0.75, 0.0, 0.25, 0.0, 0.0, 2.0, 0.0, -2.0, 0.5, -0.5, -1.0, 0.0, 0.0, 12.0, 3.0, 0.0, 0.0, 3.0, 0.0, 12.0, 12.0, 12.0, 0.0, 0.0, 0.0, 9.0, 3.0, 6.0, 3.0, 0.0, 3.0, 0.0, 0.0, 6.0, 6.0, 6.0, 6.0, 0.0, 0.0, 0.0, 0.0, 18.0, 12.0, 6.0, 6.0, 6.0, 0.0, 0.0, 0.0]
0.375, -6.436702829375, [0.375, 0.125, 0.75, 0.0, 0.25, 0.75, 0.0, 0.25, 0.75, 0.0, 0.25, 0.75, 0.0, 0.25, 0.75, 0.0, 0.25, 0.0, 0.0, 0.0, 0.0, -0.5, -0.5, -0.5, -0.5, 0.0, 0.0, 6.0, 6.0, 6.0, 0.0, 0.0, 0.0, 12.0, 12.0, 12.0, 0.0, 0.0, 0.0, 6.0, 6.0, 6.0, 6.0, 0.0, 0.0, 0.0, 0.0, 12.0, 0.0, 0.0, 6.0, 0.0, 0.0, 6.0, 0.0, 24.0, 0.0, 0.0, 12.0, 0.0, 0.0, 12.0, 0.0]
0.375, -6.45575928875, [0.375, 0.125, 0.75, 0.0, 0.25, 0.75, 0.0, 0.25, 0.75, 0.0, 0.25, 0.75, 0.0, 0.25, 0.75, 0.0, 0.25, 0.0, 0.0, 1.0, 1.0, -1.0, -1.0, -1.0, -1.0, -1.0, -1.0, 6.0, 6.0, 6.0, 0.0, 0.0, 0.0, 12.0, 12.0, 12.0, 0.0, 0.0, 0.0, 6.0, 6.0, 6.0, 6.0, 0.0, 0.0, 0.0, 0.0, 12.0, 0.0, 0.0, 6.0, 0.0, 0.0, 6.0, 0.0, 24.0, 0.0, 0.0, 12.0, 0.0, 0.0, 12.0, 0.0]
0.375, -6.43685281875, [0.375, 0.125, 0.75, 0.0, 0.25, 0.75, 0.0, 0.25, 0.75, 0.0, 0.25, 0.75, 0.0, 0.25, 0.75, 0.0, 0.25, 0.0, 0.0, 0.0, 0.0, -0.5, -0.5, -0.5, -0.5, 0.0, 0.0, 6.0, 6.0, 6.0, 0.0, 0.0, 0.0, 12.0, 12.0, 12.0, 0.0, 0.0, 0.0, 6.0, 6.0, 6.0, 6.0, 0.0, 0.0, 0.0, 0.0, 12.0, 0.0, 0.0, 6.0, 0.0, 0.0, 6.0, 0.0, 24.0, 0.0, 0.0, 12.0, 0.0, 0.0, 12.0, 0.0]
0.375, -6.453480051875, [0.375, 0.125, 0.75, 0.0, 0.25, 0.75, 0.0, 0.25, 0.75, 0.0, 0.25, 0.75, 0.0, 0.25, 0.75, 0.0, 0.25, 0.0, 0.0, 1.0, 1.0, -1.0, -1.0, -1.0, -1.0, 1.0, 1.0, 6.0, 6.0, 6.0, 0.0, 0.0, 0.0, 12.0, 12.0, 12.0, 0.0, 0.0, 0.0, 6.0, 6.0, 6.0, 6.0, 0.0, 0.0, 0.0, 0.0, 12.0, 0.0, 0.0, 6.0, 0.0, 0.0, 6.0, 0.0, 24.0, 0.0, 0.0, 12.0, 0.0, 0.0, 12.0, 0.0]
0.375, -6.47478829125, [0.375, 0.125, 0.75, 0.0, 0.25, 0.75, 0.0, 0.25, 0.75, 0.0, 0.25, 0.75, 0.0, 0.25, 0.75, 0.0, 0.25, 0.0, 0.0, 2.0, -1.0, -2.0, 0.0, -1.0, -1.0, 0.0, 0.0, 12.0, 0.0, 6.0, 6.0, 0.0, 0.0, 24.0, 0.0, 12.0, 12.0, 0.0, 0.0, 6.0, 6.0, 6.0, 6.0, 0.0, 0.0, 0.0, 0.0, 12.0, 6.0, 0.0, 0.0, 6.0, 0.0, 0.0, 0.0, 12.0, 12.0, 12.0, 12.0, 0.0, 0.0, 0.0, 0.0]
0.375, -6.383762743125, [0.375, 0.125, 0.75, 0.0, 0.25, 0.75, 0.0, 0.25, 0.75, 0.0, 0.25, 0.75, 0.0, 0.25, 0.75, 0.0, 0.25, 0.0, 0.0, -0.5, -0.5, -0.25, -0.25, -0.25, -0.25, 0.0, 0.0, 6.0, 6.0, 6.0, 0.0, 0.0, 0.0, 24.0, 6.0, 0.0, 0.0, 6.0, 0.0, 9.0, 3.0, 3.0, 6.0, 0.0, 0.0, 3.0, 0.0, 6.0, 6.0, 6.0, 6.0, 0.0, 0.0, 0.0, 0.0, 18.0, 6.0, 12.0, 6.0, 0.0, 6.0, 0.0, 0.0]
0.375, -6.460982859375, [0.375, 0.125, 0.75, 0.0, 0.25, 0.75, 0.0, 0.25, 0.75, 0.0, 0.25, 0.75, 0.0, 0.25, 0.75, 0.0, 0.25, 0.0, 0.0, 1.0, 1.0, 0.0, 0.0, 0.0, 0.0, 0.0, -1.0, 6.0, 6.0, 6.0, 0.0, 0.0, 0.0, 12.0, 12.0, 12.0, 0.0, 0.0, 0.0, 12.0, 6.0, 0.0, 0.0, 6.0, 0.0, 0.0, 0.0, 12.0, 0.0, 6.0, 0.0, 0.0, 6.0, 0.0, 0.0, 12.0, 12.0, 12.0, 12.0, 0.0, 0.0, 0.0, 0.0]
0.375, -6.473833860625, [0.375, 0.125, 0.75, 0.0, 0.25, 0.75, 0.0, 0.25, 0.75, 0.0, 0.25, 0.75, 0.0, 0.25, 0.75, 0.0, 0.25, 0.0, 0.0, 0.0, 0.0, -0.5, -0.5, -1.0, 0.0, 1.0, 0.0, 6.0, 6.0, 6.0, 0.0, 0.0, 0.0, 12.0, 12.0, 12.0, 0.0, 0.0, 0.0, 12.0, 6.0, 0.0, 0.0, 6.0, 0.0, 0.0, 0.0, 12.0, 0.0, 6.0, 0.0, 0.0, 6.0, 0.0, 0.0, 12.0, 12.0, 12.0, 12.0, 0.0, 0.0, 0.0, 0.0]
0.375, -6.497923265, [0.375, 0.125, 0.75, 0.0, 0.25, 0.75, 0.0, 0.25, 0.75, 0.0, 0.25, 0.75, 0.0, 0.25, 0.75, 0.0, 0.25, 0.0, 0.0, 1.0, 1.0, -1.0, -1.0, -2.0, 0.0, 2.0, 1.0, 6.0, 6.0, 6.0, 0.0, 0.0, 0.0, 12.0, 12.0, 12.0, 0.0, 0.0, 0.0, 12.0, 6.0, 0.0, 0.0, 6.0, 0.0, 0.0, 0.0, 12.0, 0.0, 6.0, 0.0, 0.0, 6.0, 0.0, 0.0, 12.0, 12.0, 12.0, 12.0, 0.0, 0.0, 0.0, 0.0]
0.375, -6.45556830125, [0.375, 0.125, 0.75, 0.0, 0.25, 0.75, 0.0, 0.25, 0.75, 0.0, 0.25, 0.75, 0.0, 0.25, 0.75, 0.0, 0.25, 0.0, 0.0, 1.0, 1.0, -1.0, -1.0, -1.0, -1.0, -1.0, -1.0, 6.0, 6.0, 6.0, 0.0, 0.0, 0.0, 12.0, 12.0, 12.0, 0.0, 0.0, 0.0, 6.0, 6.0, 6.0, 6.0, 0.0, 0.0, 0.0, 0.0, 12.0, 0.0, 0.0, 6.0, 0.0, 0.0, 6.0, 0.0, 24.0, 0.0, 0.0, 12.0, 0.0, 0.0, 12.0, 0.0]
0.375, -6.453176693125, [0.375, 0.125, 0.75, 0.0, 0.25, 0.75, 0.0, 0.25, 0.75, 0.0, 0.25, 0.75, 0.0, 0.25, 0.75, 0.0, 0.25, 0.0, 0.0, 1.0, 1.0, -1.0, -1.0, -1.0, -1.0, 1.0, 1.0, 6.0, 6.0, 6.0, 0.0, 0.0, 0.0, 12.0, 12.0, 12.0, 0.0, 0.0, 0.0, 6.0, 6.0, 6.0, 6.0, 0.0, 0.0, 0.0, 0.0, 12.0, 0.0, 0.0, 6.0, 0.0, 0.0, 6.0, 0.0, 24.0, 0.0, 0.0, 12.0, 0.0, 0.0, 12.0, 0.0]
0.375, -6.436376928125, [0.375, 0.125, 0.75, 0.0, 0.25, 0.75, 0.0, 0.25, 0.75, 0.0, 0.25, 0.75, 0.0, 0.25, 0.75, 0.0, 0.25, 0.0, 0.0, 0.0, 0.0, -0.5, -0.5, -0.5, -0.5, 0.0, 0.0, 6.0, 6.0, 6.0, 0.0, 0.0, 0.0, 12.0, 12.0, 12.0, 0.0, 0.0, 0.0, 6.0, 6.0, 6.0, 6.0, 0.0, 0.0, 0.0, 0.0, 12.0, 0.0, 0.0, 6.0, 0.0, 0.0, 6.0, 0.0, 24.0, 0.0, 0.0, 12.0, 0.0, 0.0, 12.0, 0.0]
0.375, -6.4363769275, [0.375, 0.125, 0.75, 0.0, 0.25, 0.75, 0.0, 0.25, 0.75, 0.0, 0.25, 0.75, 0.0, 0.25, 0.75, 0.0, 0.25, 0.0, 0.0, 0.0, 0.0, -0.5, -0.5, -0.5, -0.5, 0.0, 0.0, 6.0, 6.0, 6.0, 0.0, 0.0, 0.0, 12.0, 12.0, 12.0, 0.0, 0.0, 0.0, 6.0, 6.0, 6.0, 6.0, 0.0, 0.0, 0.0, 0.0, 12.0, 0.0, 0.0, 6.0, 0.0, 0.0, 6.0, 0.0, 24.0, 0.0, 0.0, 12.0, 0.0, 0.0, 12.0, 0.0]
0.375, -6.45555987625, [0.375, 0.125, 0.75, 0.0, 0.25, 0.75, 0.0, 0.25, 0.75, 0.0, 0.25, 0.75, 0.0, 0.25, 0.75, 0.0, 0.25, 0.0, 0.0, 1.0, 1.0, -1.0, -1.0, -1.0, -1.0, -1.0, -1.0, 6.0, 6.0, 6.0, 0.0, 0.0, 0.0, 12.0, 12.0, 12.0, 0.0, 0.0, 0.0, 6.0, 6.0, 6.0, 6.0, 0.0, 0.0, 0.0, 0.0, 12.0, 0.0, 0.0, 6.0, 0.0, 0.0, 6.0, 0.0, 24.0, 0.0, 0.0, 12.0, 0.0, 0.0, 12.0, 0.0]
0.375, -6.436376889375, [0.375, 0.125, 0.75, 0.0, 0.25, 0.75, 0.0, 0.25, 0.75, 0.0, 0.25, 0.75, 0.0, 0.25, 0.75, 0.0, 0.25, 0.0, 0.0, 0.0, 0.0, -0.5, -0.5, -0.5, -0.5, 0.0, 0.0, 6.0, 6.0, 6.0, 0.0, 0.0, 0.0, 12.0, 12.0, 12.0, 0.0, 0.0, 0.0, 6.0, 6.0, 6.0, 6.0, 0.0, 0.0, 0.0, 0.0, 12.0, 0.0, 0.0, 6.0, 0.0, 0.0, 6.0, 0.0, 24.0, 0.0, 0.0, 12.0, 0.0, 0.0, 12.0, 0.0]
0.3125, -6.05742950625, [0.3125, 0.1875, 0.625, 0.0, 0.375, 0.625, 0.0, 0.375, 0.625, 0.0, 0.375, 0.625, 0.0, 0.375, 0.625, 0.0, 0.375, 0.0, 0.0, 0.5, 1.5, 0.5, 0.5, 0.5, 0.5, 0.5, 1.5, 3.0, 3.0, 9.0, 6.0, 0.0, 0.0, 6.0, 6.0, 18.0, 12.0, 0.0, 0.0, 3.0, 9.0, 3.0, 3.0, 6.0, 0.0, 0.0, 0.0, 12.0, 0.0, 0.0, 0.0, 3.0, 3.0, 3.0, 3.0, 6.0, 6.0, 6.0, 18.0, 0.0, 0.0, 12.0, 0.0]
0.5, -7.392107330625, [0.5, 0.0, 1.0, 0.0, 0.0, 1.0, 0.0, 0.0, 1.0, 0.0, 0.0, 1.0, 0.0, 0.0, 1.0, 0.0, 0.0, 0.0, 0.0, 4.0, 0.0, -4.0, 0.0, -4.0, 0.0, 4.0, 0.0, 24.0, 0.0, 0.0, 0.0, 0.0, 0.0, 48.0, 0.0, 0.0, 0.0, 0.0, 0.0, 24.0, 0.0, 0.0, 0.0, 0.0, 0.0, 0.0, 0.0, 24.0, 0.0, 0.0, 0.0, 0.0, 0.0, 0.0, 0.0, 48.0, 0.0, 0.0, 0.0, 0.0, 0.0, 0.0, 0.0]
0.5, -7.39057835875, [0.5, 0.0, 1.0, 0.0, 0.0, 1.0, 0.0, 0.0, 1.0, 0.0, 0.0, 1.0, 0.0, 0.0, 1.0, 0.0, 0.0, 0.0, 0.0, 4.0, 0.0, -4.0, 0.0, -4.0, 0.0, 4.0, 0.0, 24.0, 0.0, 0.0, 0.0, 0.0, 0.0, 48.0, 0.0, 0.0, 0.0, 0.0, 0.0, 24.0, 0.0, 0.0, 0.0, 0.0, 0.0, 0.0, 0.0, 24.0, 0.0, 0.0, 0.0, 0.0, 0.0, 0.0, 0.0, 48.0, 0.0, 0.0, 0.0, 0.0, 0.0, 0.0, 0.0]
0.5, -7.391926015, [0.5, 0.0, 1.0, 0.0, 0.0, 1.0, 0.0, 0.0, 1.0, 0.0, 0.0, 1.0, 0.0, 0.0, 1.0, 0.0, 0.0, 0.0, 0.0, 4.0, 0.0, -4.0, 0.0, -4.0, 0.0, 4.0, 0.0, 24.0, 0.0, 0.0, 0.0, 0.0, 0.0, 48.0, 0.0, 0.0, 0.0, 0.0, 0.0, 24.0, 0.0, 0.0, 0.0, 0.0, 0.0, 0.0, 0.0, 24.0, 0.0, 0.0, 0.0, 0.0, 0.0, 0.0, 0.0, 48.0, 0.0, 0.0, 0.0, 0.0, 0.0, 0.0, 0.0]
0.5, -7.332785401875, [0.5, 0.0, 1.0, 0.0, 0.0, 1.0, 0.0, 0.0, 1.0, 0.0, 0.0, 1.0, 0.0, 0.0, 1.0, 0.0, 0.0, 0.0, 0.0, 4.0, 0.0, -4.0, 0.0, -4.0, 0.0, -4.0, 0.0, 24.0, 0.0, 0.0, 0.0, 0.0, 0.0, 48.0, 0.0, 0.0, 0.0, 0.0, 0.0, 24.0, 0.0, 0.0, 0.0, 0.0, 0.0, 0.0, 0.0, 24.0, 0.0, 0.0, 0.0, 0.0, 0.0, 0.0, 0.0, 48.0, 0.0, 0.0, 0.0, 0.0, 0.0, 0.0, 0.0]
0.5, -7.33300269125, [0.5, 0.0, 1.0, 0.0, 0.0, 1.0, 0.0, 0.0, 1.0, 0.0, 0.0, 1.0, 0.0, 0.0, 1.0, 0.0, 0.0, 0.0, 0.0, 4.0, 0.0, -4.0, 0.0, -4.0, 0.0, -4.0, 0.0, 24.0, 0.0, 0.0, 0.0, 0.0, 0.0, 48.0, 0.0, 0.0, 0.0, 0.0, 0.0, 24.0, 0.0, 0.0, 0.0, 0.0, 0.0, 0.0, 0.0, 24.0, 0.0, 0.0, 0.0, 0.0, 0.0, 0.0, 0.0, 48.0, 0.0, 0.0, 0.0, 0.0, 0.0, 0.0, 0.0]
0.5, -7.271617471875, [0.5, 0.0, 1.0, 0.0, 0.0, 1.0, 0.0, 0.0, 1.0, 0.0, 0.0, 1.0, 0.0, 0.0, 1.0, 0.0, 0.0, 0.0, 0.0, -4.0, 0.0, 0.0, 0.0, 0.0, 0.0, 4.0, 0.0, 24.0, 0.0, 0.0, 0.0, 0.0, 0.0, 48.0, 0.0, 0.0, 0.0, 0.0, 0.0, 24.0, 0.0, 0.0, 0.0, 0.0, 0.0, 0.0, 0.0, 24.0, 0.0, 0.0, 0.0, 0.0, 0.0, 0.0, 0.0, 48.0, 0.0, 0.0, 0.0, 0.0, 0.0, 0.0, 0.0]
0.5, -7.30660320125, [0.5, 0.0, 1.0, 0.0, 0.0, 1.0, 0.0, 0.0, 1.0, 0.0, 0.0, 1.0, 0.0, 0.0, 1.0, 0.0, 0.0, 0.0, 0.0, 0.0, 0.0, -2.0, 0.0, -2.0, 0.0, 0.0, 0.0, 24.0, 0.0, 0.0, 0.0, 0.0, 0.0, 48.0, 0.0, 0.0, 0.0, 0.0, 0.0, 24.0, 0.0, 0.0, 0.0, 0.0, 0.0, 0.0, 0.0, 24.0, 0.0, 0.0, 0.0, 0.0, 0.0, 0.0, 0.0, 48.0, 0.0, 0.0, 0.0, 0.0, 0.0, 0.0, 0.0]
0.5, -7.392107270625, [0.5, 0.0, 1.0, 0.0, 0.0, 1.0, 0.0, 0.0, 1.0, 0.0, 0.0, 1.0, 0.0, 0.0, 1.0, 0.0, 0.0, 0.0, 0.0, 4.0, 0.0, -4.0, 0.0, -4.0, 0.0, 4.0, 0.0, 24.0, 0.0, 0.0, 0.0, 0.0, 0.0, 48.0, 0.0, 0.0, 0.0, 0.0, 0.0, 24.0, 0.0, 0.0, 0.0, 0.0, 0.0, 0.0, 0.0, 24.0, 0.0, 0.0, 0.0, 0.0, 0.0, 0.0, 0.0, 48.0, 0.0, 0.0, 0.0, 0.0, 0.0, 0.0, 0.0]
0.5, -7.247352255, [0.5, 0.0, 1.0, 0.0, 0.0, 1.0, 0.0, 0.0, 1.0, 0.0, 0.0, 1.0, 0.0, 0.0, 1.0, 0.0, 0.0, 0.0, 0.0, 0.0, 0.0, 0.0, 0.0, 0.0, 0.0, 0.0, 0.0, 24.0, 0.0, 0.0, 0.0, 0.0, 0.0, 48.0, 0.0, 0.0, 0.0, 0.0, 0.0, 24.0, 0.0, 0.0, 0.0, 0.0, 0.0, 0.0, 0.0, 24.0, 0.0, 0.0, 0.0, 0.0, 0.0, 0.0, 0.0, 48.0, 0.0, 0.0, 0.0, 0.0, 0.0, 0.0, 0.0]
0.5, -7.256801531875, [0.5, 0.0, 1.0, 0.0, 0.0, 1.0, 0.0, 0.0, 1.0, 0.0, 0.0, 1.0, 0.0, 0.0, 1.0, 0.0, 0.0, 0.0, 0.0, 0.0, 0.0, 0.0, 0.0, 0.0, 0.0, 0.0, 0.0, 24.0, 0.0, 0.0, 0.0, 0.0, 0.0, 48.0, 0.0, 0.0, 0.0, 0.0, 0.0, 24.0, 0.0, 0.0, 0.0, 0.0, 0.0, 0.0, 0.0, 24.0, 0.0, 0.0, 0.0, 0.0, 0.0, 0.0, 0.0, 48.0, 0.0, 0.0, 0.0, 0.0, 0.0, 0.0, 0.0]
0.5, -7.390583308125, [0.5, 0.0, 1.0, 0.0, 0.0, 1.0, 0.0, 0.0, 1.0, 0.0, 0.0, 1.0, 0.0, 0.0, 1.0, 0.0, 0.0, 0.0, 0.0, 4.0, 0.0, -4.0, 0.0, -4.0, 0.0, 4.0, 0.0, 24.0, 0.0, 0.0, 0.0, 0.0, 0.0, 48.0, 0.0, 0.0, 0.0, 0.0, 0.0, 24.0, 0.0, 0.0, 0.0, 0.0, 0.0, 0.0, 0.0, 24.0, 0.0, 0.0, 0.0, 0.0, 0.0, 0.0, 0.0, 48.0, 0.0, 0.0, 0.0, 0.0, 0.0, 0.0, 0.0]
0.25, -5.654122758125, [0.25, 0.25, 0.5, 0.0, 0.5, 0.5, 0.0, 0.5, 0.5, 0.0, 0.5, 0.5, 0.0, 0.5, 0.5, 0.0, 0.5, 0.0, 0.0, 0.0, -2.0, 0.0, 0.0, 0.0, 0.0, 0.0, 2.0, 0.0, 0.0, 12.0, 12.0, 0.0, 0.0, 0.0, 0.0, 24.0, 24.0, 0.0, 0.0, 0.0, 12.0, 0.0, 0.0, 12.0, 0.0, 0.0, 0.0, 12.0, 0.0, 0.0, 0.0, 0.0, 0.0, 0.0, 12.0, 0.0, 0.0, 0.0, 24.0, 0.0, 0.0, 24.0, 0.0]
0.25, -5.65381968875, [0.25, 0.25, 0.5, 0.0, 0.5, 0.5, 0.0, 0.5, 0.5, 0.0, 0.5, 0.5, 0.0, 0.5, 0.5, 0.0, 0.5, 0.0, 0.0, 0.0, -2.0, 0.0, 0.0, 0.0, 0.0, 0.0, 2.0, 0.0, 0.0, 12.0, 12.0, 0.0, 0.0, 0.0, 0.0, 24.0, 24.0, 0.0, 0.0, 0.0, 12.0, 0.0, 0.0, 12.0, 0.0, 0.0, 0.0, 12.0, 0.0, 0.0, 0.0, 0.0, 0.0, 0.0, 12.0, 0.0, 0.0, 0.0, 24.0, 0.0, 0.0, 24.0, 0.0]
0.375, -6.4675374475, [0.375, 0.125, 0.75, 0.0, 0.25, 0.75, 0.0, 0.25, 0.75, 0.0, 0.25, 0.75, 0.0, 0.25, 0.75, 0.0, 0.25, 0.0, 0.0, 0.0, 1.0, 0.0, 0.0, 0.0, 0.0, 1.0, 1.0, 12.0, 0.0, 6.0, 6.0, 0.0, 0.0, 24.0, 0.0, 12.0, 12.0, 0.0, 0.0, 6.0, 6.0, 6.0, 6.0, 0.0, 0.0, 0.0, 0.0, 12.0, 6.0, 0.0, 0.0, 6.0, 0.0, 0.0, 0.0, 12.0, 12.0, 12.0, 12.0, 0.0, 0.0, 0.0, 0.0]
0.375, -6.475040961875, [0.375, 0.125, 0.75, 0.0, 0.25, 0.75, 0.0, 0.25, 0.75, 0.0, 0.25, 0.75, 0.0, 0.25, 0.75, 0.0, 0.25, 0.0, 0.0, 0.0, 0.0, -0.5, -0.5, -1.0, 0.0, 1.0, 0.0, 6.0, 6.0, 6.0, 0.0, 0.0, 0.0, 12.0, 12.0, 12.0, 0.0, 0.0, 0.0, 12.0, 6.0, 0.0, 0.0, 6.0, 0.0, 0.0, 0.0, 12.0, 0.0, 6.0, 0.0, 0.0, 6.0, 0.0, 0.0, 12.0, 12.0, 12.0, 12.0, 0.0, 0.0, 0.0, 0.0]
0.375, -6.4988506425, [0.375, 0.125, 0.75, 0.0, 0.25, 0.75, 0.0, 0.25, 0.75, 0.0, 0.25, 0.75, 0.0, 0.25, 0.75, 0.0, 0.25, 0.0, 0.0, 1.0, 1.0, -1.0, -1.0, -2.0, 0.0, 2.0, 1.0, 6.0, 6.0, 6.0, 0.0, 0.0, 0.0, 12.0, 12.0, 12.0, 0.0, 0.0, 0.0, 12.0, 6.0, 0.0, 0.0, 6.0, 0.0, 0.0, 0.0, 12.0, 0.0, 6.0, 0.0, 0.0, 6.0, 0.0, 0.0, 12.0, 12.0, 12.0, 12.0, 0.0, 0.0, 0.0, 0.0]
0.375, -6.435982720625, [0.375, 0.125, 0.75, 0.0, 0.25, 0.75, 0.0, 0.25, 0.75, 0.0, 0.25, 0.75, 0.0, 0.25, 0.75, 0.0, 0.25, 0.0, 0.0, -1.0, -1.0, 0.0, 0.0, 0.0, 0.0, 1.0, 1.0, 6.0, 6.0, 6.0, 0.0, 0.0, 0.0, 12.0, 12.0, 12.0, 0.0, 0.0, 0.0, 6.0, 6.0, 6.0, 6.0, 0.0, 0.0, 0.0, 0.0, 12.0, 0.0, 0.0, 6.0, 0.0, 0.0, 6.0, 0.0, 24.0, 0.0, 0.0, 12.0, 0.0, 0.0, 12.0, 0.0]
0.375, -6.4656297425, [0.375, 0.125, 0.75, 0.0, 0.25, 0.75, 0.0, 0.25, 0.75, 0.0, 0.25, 0.75, 0.0, 0.25, 0.75, 0.0, 0.25, 0.0, 0.0, -1.0, -1.0, 0.0, 0.0, -0.5, 0.5, 1.5, 0.5, 6.0, 6.0, 6.0, 0.0, 0.0, 0.0, 24.0, 6.0, 0.0, 0.0, 6.0, 0.0, 9.0, 3.0, 3.0, 6.0, 0.0, 0.0, 3.0, 0.0, 6.0, 6.0, 6.0, 6.0, 0.0, 0.0, 0.0, 0.0, 18.0, 6.0, 12.0, 6.0, 0.0, 6.0, 0.0, 0.0]
0.375, -6.459629015625, [0.375, 0.125, 0.75, 0.0, 0.25, 0.75, 0.0, 0.25, 0.75, 0.0, 0.25, 0.75, 0.0, 0.25, 0.75, 0.0, 0.25, 0.0, 0.0, 0.0, 0.0, 0.0, -0.5, -1.0, 0.5, 1.5, 0.5, 12.0, 3.0, 0.0, 0.0, 3.0, 0.0, 12.0, 12.0, 12.0, 0.0, 0.0, 0.0, 9.0, 3.0, 6.0, 3.0, 0.0, 3.0, 0.0, 0.0, 6.0, 6.0, 6.0, 6.0, 0.0, 0.0, 0.0, 0.0, 18.0, 12.0, 6.0, 6.0, 6.0, 0.0, 0.0, 0.0]
0.375, -6.454320684375, [0.375, 0.125, 0.75, 0.0, 0.25, 0.75, 0.0, 0.25, 0.75, 0.0, 0.25, 0.75, 0.0, 0.25, 0.75, 0.0, 0.25, 0.0, 0.0, 1.0, 1.0, -1.0, -1.0, -1.0, -1.0, 1.0, 1.0, 6.0, 6.0, 6.0, 0.0, 0.0, 0.0, 12.0, 12.0, 12.0, 0.0, 0.0, 0.0, 6.0, 6.0, 6.0, 6.0, 0.0, 0.0, 0.0, 0.0, 12.0, 0.0, 0.0, 6.0, 0.0, 0.0, 6.0, 0.0, 24.0, 0.0, 0.0, 12.0, 0.0, 0.0, 12.0, 0.0]
0.375, -6.47722014, [0.375, 0.125, 0.75, 0.0, 0.25, 0.75, 0.0, 0.25, 0.75, 0.0, 0.25, 0.75, 0.0, 0.25, 0.75, 0.0, 0.25, 0.0, 0.0, 2.0, -1.0, -2.0, 0.0, -1.0, -1.0, 0.0, 0.0, 12.0, 0.0, 6.0, 6.0, 0.0, 0.0, 24.0, 0.0, 12.0, 12.0, 0.0, 0.0, 6.0, 6.0, 6.0, 6.0, 0.0, 0.0, 0.0, 0.0, 12.0, 6.0, 0.0, 0.0, 6.0, 0.0, 0.0, 0.0, 12.0, 12.0, 12.0, 12.0, 0.0, 0.0, 0.0, 0.0]
0.375, -6.4790117775, [0.375, 0.125, 0.75, 0.0, 0.25, 0.75, 0.0, 0.25, 0.75, 0.0, 0.25, 0.75, 0.0, 0.25, 0.75, 0.0, 0.25, 0.0, 0.0, 2.0, 1.0, -2.0, 0.0, -1.0, -1.0, 1.0, 1.0, 12.0, 0.0, 6.0, 6.0, 0.0, 0.0, 24.0, 0.0, 12.0, 12.0, 0.0, 0.0, 6.0, 6.0, 6.0, 6.0, 0.0, 0.0, 0.0, 0.0, 12.0, 6.0, 0.0, 0.0, 6.0, 0.0, 0.0, 0.0, 12.0, 12.0, 12.0, 12.0, 0.0, 0.0, 0.0, 0.0]
0.5, -7.26464146625, [0.5, 0.0, 1.0, 0.0, 0.0, 1.0, 0.0, 0.0, 1.0, 0.0, 0.0, 1.0, 0.0, 0.0, 1.0, 0.0, 0.0, 0.0, 0.0, 4.0, 0.0, 0.0, 0.0, 0.0, 0.0, 0.0, 0.0, 24.0, 0.0, 0.0, 0.0, 0.0, 0.0, 48.0, 0.0, 0.0, 0.0, 0.0, 0.0, 24.0, 0.0, 0.0, 0.0, 0.0, 0.0, 0.0, 0.0, 24.0, 0.0, 0.0, 0.0, 0.0, 0.0, 0.0, 0.0, 48.0, 0.0, 0.0, 0.0, 0.0, 0.0, 0.0, 0.0]
0.5, -7.28326634375, [0.5, 0.0, 1.0, 0.0, 0.0, 1.0, 0.0, 0.0, 1.0, 0.0, 0.0, 1.0, 0.0, 0.0, 1.0, 0.0, 0.0, 0.0, 0.0, 0.0, 0.0, 0.0, 0.0, 0.0, 0.0, 4.0, 0.0, 24.0, 0.0, 0.0, 0.0, 0.0, 0.0, 48.0, 0.0, 0.0, 0.0, 0.0, 0.0, 24.0, 0.0, 0.0, 0.0, 0.0, 0.0, 0.0, 0.0, 24.0, 0.0, 0.0, 0.0, 0.0, 0.0, 0.0, 0.0, 48.0, 0.0, 0.0, 0.0, 0.0, 0.0, 0.0, 0.0]
0.5, -7.322045005625, [0.5, 0.0, 1.0, 0.0, 0.0, 1.0, 0.0, 0.0, 1.0, 0.0, 0.0, 1.0, 0.0, 0.0, 1.0, 0.0, 0.0, 0.0, 0.0, 2.0, 0.0, -2.0, 0.0, -2.0, 0.0, 2.0, 0.0, 24.0, 0.0, 0.0, 0.0, 0.0, 0.0, 48.0, 0.0, 0.0, 0.0, 0.0, 0.0, 24.0, 0.0, 0.0, 0.0, 0.0, 0.0, 0.0, 0.0, 24.0, 0.0, 0.0, 0.0, 0.0, 0.0, 0.0, 0.0, 48.0, 0.0, 0.0, 0.0, 0.0, 0.0, 0.0, 0.0]
0.3125, -6.057679725625, [0.3125, 0.1875, 0.625, 0.0, 0.375, 0.625, 0.0, 0.375, 0.625, 0.0, 0.375, 0.625, 0.0, 0.375, 0.625, 0.0, 0.375, 0.0, 0.0, 0.5, 1.5, 0.5, 0.5, 0.5, 0.5, 0.5, 1.5, 3.0, 3.0, 9.0, 6.0, 0.0, 0.0, 6.0, 6.0, 18.0, 12.0, 0.0, 0.0, 3.0, 9.0, 3.0, 3.0, 6.0, 0.0, 0.0, 0.0, 12.0, 0.0, 0.0, 0.0, 3.0, 3.0, 3.0, 3.0, 6.0, 6.0, 6.0, 18.0, 0.0, 0.0, 12.0, 0.0]
0.3125, -6.078209885625, [0.3125, 0.1875, 0.625, 0.0, 0.375, 0.625, 0.0, 0.375, 0.625, 0.0, 0.375, 0.625, 0.0, 0.375, 0.625, 0.0, 0.375, 0.0, 0.0, -0.5, -0.5, 0.0, -0.5, -0.75, 0.25, 1.25, 0.75, 3.0, 6.0, 3.0, 0.0, 3.0, 0.0, 6.0, 12.0, 6.0, 0.0, 6.0, 0.0, 7.5, 4.5, 1.5, 1.5, 4.5, 1.5, 1.5, 1.5, 3.0, 3.0, 9.0, 3.0, 0.0, 6.0, 0.0, 0.0, 6.0, 12.0, 12.0, 6.0, 6.0, 6.0, 0.0, 0.0]
0.3125, -6.053705383125, [0.3125, 0.1875, 0.625, 0.0, 0.375, 0.625, 0.0, 0.375, 0.625, 0.0, 0.375, 0.625, 0.0, 0.375, 0.625, 0.0, 0.375, 0.0, 0.0, -0.5, -1.5, 0.0, 0.0, 0.0, 0.0, 0.5, 1.5, 3.0, 3.0, 9.0, 6.0, 0.0, 0.0, 6.0, 6.0, 18.0, 12.0, 0.0, 0.0, 3.0, 9.0, 3.0, 3.0, 6.0, 0.0, 0.0, 0.0, 12.0, 0.0, 0.0, 0.0, 3.0, 3.0, 3.0, 3.0, 6.0, 6.0, 6.0, 18.0, 0.0, 0.0, 12.0, 0.0]
0.3125, -6.08448848375, [0.3125, 0.1875, 0.625, 0.0, 0.375, 0.625, 0.0, 0.375, 0.625, 0.0, 0.375, 0.625, 0.0, 0.375, 0.625, 0.0, 0.375, 0.0, 0.0, 0.5, -0.5, -0.5, -0.5, -0.5, -0.5, 0.5, 0.5, 3.0, 3.0, 9.0, 6.0, 0.0, 0.0, 24.0, 0.0, 0.0, 6.0, 6.0, 6.0, 3.0, 3.0, 3.0, 9.0, 0.0, 0.0, 6.0, 0.0, 3.0, 9.0, 3.0, 3.0, 6.0, 0.0, 0.0, 0.0, 6.0, 6.0, 18.0, 6.0, 0.0, 12.0, 0.0, 0.0]
0.4375, -6.874182980625, [0.4375, 0.0625, 0.875, 0.0, 0.125, 0.875, 0.0, 0.125, 0.875, 0.0, 0.125, 0.875, 0.0, 0.125, 0.875, 0.0, 0.125, 0.0, 0.0, 0.5, 0.5, -0.5, -0.5, -1.0, 0.0, 1.0, 0.0, 15.0, 3.0, 3.0, 0.0, 0.0, 0.0, 30.0, 6.0, 6.0, 0.0, 0.0, 0.0, 15.0, 3.0, 3.0, 3.0, 0.0, 0.0, 0.0, 0.0, 15.0, 3.0, 3.0, 3.0, 0.0, 0.0, 0.0, 0.0, 30.0, 6.0, 6.0, 6.0, 0.0, 0.0, 0.0, 0.0]
0.4375, -6.868150240625, [0.4375, 0.0625, 0.875, 0.0, 0.125, 0.875, 0.0, 0.125, 0.875, 0.0, 0.125, 0.875, 0.0, 0.125, 0.875, 0.0, 0.125, 0.0, 0.0, 0.5, 0.5, -0.5, -0.5, -0.5, -0.5, 0.5, 0.5, 15.0, 3.0, 3.0, 0.0, 0.0, 0.0, 30.0, 6.0, 6.0, 0.0, 0.0, 0.0, 15.0, 3.0, 3.0, 3.0, 0.0, 0.0, 0.0, 0.0, 15.0, 3.0, 3.0, 3.0, 0.0, 0.0, 0.0, 0.0, 30.0, 6.0, 6.0, 6.0, 0.0, 0.0, 0.0, 0.0]
0.4375, -6.888736515625, [0.4375, 0.0625, 0.875, 0.0, 0.125, 0.875, 0.0, 0.125, 0.875, 0.0, 0.125, 0.875, 0.0, 0.125, 0.875, 0.0, 0.125, 0.0, 0.0, 0.5, 0.5, -0.5, -0.5, -1.5, 0.5, 2.5, 0.5, 15.0, 3.0, 3.0, 0.0, 0.0, 0.0, 30.0, 6.0, 6.0, 0.0, 0.0, 0.0, 15.0, 3.0, 3.0, 3.0, 0.0, 0.0, 0.0, 0.0, 15.0, 3.0, 3.0, 3.0, 0.0, 0.0, 0.0, 0.0, 30.0, 6.0, 6.0, 6.0, 0.0, 0.0, 0.0, 0.0]
0.4375, -6.857838466875, [0.4375, 0.0625, 0.875, 0.0, 0.125, 0.875, 0.0, 0.125, 0.875, 0.0, 0.125, 0.875, 0.0, 0.125, 0.875, 0.0, 0.125, 0.0, 0.0, 0.5, 0.5, 0.5, 0.5, 1.5, -0.5, 2.5, 0.5, 15.0, 3.0, 3.0, 0.0, 0.0, 0.0, 30.0, 6.0, 6.0, 0.0, 0.0, 0.0, 15.0, 3.0, 3.0, 3.0, 0.0, 0.0, 0.0, 0.0, 15.0, 3.0, 3.0, 3.0, 0.0, 0.0, 0.0, 0.0, 30.0, 6.0, 6.0, 6.0, 0.0, 0.0, 0.0, 0.0]
0.4375, -6.868001514375, [0.4375, 0.0625, 0.875, 0.0, 0.125, 0.875, 0.0, 0.125, 0.875, 0.0, 0.125, 0.875, 0.0, 0.125, 0.875, 0.0, 0.125, 0.0, 0.0, -0.5, -0.5, 0.0, 0.0, 0.0, 0.0, 2.5, 0.5, 15.0, 3.0, 3.0, 0.0, 0.0, 0.0, 30.0, 6.0, 6.0, 0.0, 0.0, 0.0, 15.0, 3.0, 3.0, 3.0, 0.0, 0.0, 0.0, 0.0, 15.0, 3.0, 3.0, 3.0, 0.0, 0.0, 0.0, 0.0, 30.0, 6.0, 6.0, 6.0, 0.0, 0.0, 0.0, 0.0]
0.4375, -6.8887344275, [0.4375, 0.0625, 0.875, 0.0, 0.125, 0.875, 0.0, 0.125, 0.875, 0.0, 0.125, 0.875, 0.0, 0.125, 0.875, 0.0, 0.125, 0.0, 0.0, 0.5, 0.5, -0.5, -0.5, -1.5, 0.5, 2.5, 0.5, 15.0, 3.0, 3.0, 0.0, 0.0, 0.0, 30.0, 6.0, 6.0, 0.0, 0.0, 0.0, 15.0, 3.0, 3.0, 3.0, 0.0, 0.0, 0.0, 0.0, 15.0, 3.0, 3.0, 3.0, 0.0, 0.0, 0.0, 0.0, 30.0, 6.0, 6.0, 6.0, 0.0, 0.0, 0.0, 0.0]
0.4375, -6.920306906875, [0.4375, 0.0625, 0.875, 0.0, 0.125, 0.875, 0.0, 0.125, 0.875, 0.0, 0.125, 0.875, 0.0, 0.125, 0.875, 0.0, 0.125, 0.0, 0.0, 2.5, 0.5, -2.5, -0.5, -2.5, -0.5, 2.5, 0.5, 15.0, 3.0, 3.0, 0.0, 0.0, 0.0, 30.0, 6.0, 6.0, 0.0, 0.0, 0.0, 15.0, 3.0, 3.0, 3.0, 0.0, 0.0, 0.0, 0.0, 15.0, 3.0, 3.0, 3.0, 0.0, 0.0, 0.0, 0.0, 30.0, 6.0, 6.0, 6.0, 0.0, 0.0, 0.0, 0.0]
0.4375, -6.892399390625, [0.4375, 0.0625, 0.875, 0.0, 0.125, 0.875, 0.0, 0.125, 0.875, 0.0, 0.125, 0.875, 0.0, 0.125, 0.875, 0.0, 0.125, 0.0, 0.0, 1.5, -0.5, -2.0, 0.0, -1.5, -0.5, 1.0, 0.0, 15.0, 3.0, 3.0, 0.0, 0.0, 0.0, 30.0, 6.0, 6.0, 0.0, 0.0, 0.0, 15.0, 3.0, 3.0, 3.0, 0.0, 0.0, 0.0, 0.0, 15.0, 3.0, 3.0, 3.0, 0.0, 0.0, 0.0, 0.0, 30.0, 6.0, 6.0, 6.0, 0.0, 0.0, 0.0, 0.0]
0.4375, -6.87418232375, [0.4375, 0.0625, 0.875, 0.0, 0.125, 0.875, 0.0, 0.125, 0.875, 0.0, 0.125, 0.875, 0.0, 0.125, 0.875, 0.0, 0.125, 0.0, 0.0, 0.5, 0.5, -0.5, -0.5, -1.0, 0.0, 1.0, 0.0, 15.0, 3.0, 3.0, 0.0, 0.0, 0.0, 30.0, 6.0, 6.0, 0.0, 0.0, 0.0, 15.0, 3.0, 3.0, 3.0, 0.0, 0.0, 0.0, 0.0, 15.0, 3.0, 3.0, 3.0, 0.0, 0.0, 0.0, 0.0, 30.0, 6.0, 6.0, 6.0, 0.0, 0.0, 0.0, 0.0]
0.3888888888888889, -6.556769661481481, [0.3888888888888889, 0.1111111111111111, 1.1851851851851851, 0.7407407407407407, 0.07407407407407407, 1.1851851851851851, 0.7407407407407407, 0.07407407407407407, 1.1851851851851851, 0.7407407407407407, 0.07407407407407407, 1.1851851851851851, 0.7407407407407407, 0.07407407407407407, 1.1851851851851851, 0.7407407407407407, 0.07407407407407407, 0.0, 0.0, -0.1111111111111111, -0.037037037037037035, -0.37037037037037035, -0.07407407407407407, -0.2962962962962963, -0.14814814814814814, 1.2222222222222223, 0.4074074074074074, 11.333333333333334, 2.888888888888889, 3.7777777777777777, 1.5555555555555556, 0.6666666666666666, 0.2222222222222222, 23.555555555555557, 5.333333333333333, 6.666666666666667, 3.111111111111111, 1.7777777777777777, 0.4444444444444444, 10.0, 3.3333333333333335, 4.222222222222222, 4.444444444444445, 0.0, 0.8888888888888888, 1.1111111111111112, 0.0, 10.666666666666666, 4.444444444444445, 2.6666666666666665, 3.5555555555555554, 1.7777777777777777, 0.0, 0.8888888888888888, 0.0, 21.444444444444443, 7.0, 7.444444444444445, 7.0, 1.4444444444444444, 1.8888888888888888, 1.4444444444444444, 0.3333333333333333]
0.3888888888888889, -6.553008608518518, [0.3888888888888889, 0.1111111111111111, 1.1481481481481481, 0.8148148148148148, 0.037037037037037035, 1.1481481481481481, 0.8148148148148148, 0.037037037037037035, 1.1481481481481481, 0.8148148148148148, 0.037037037037037035, 1.1481481481481481, 0.8148148148148148, 0.037037037037037035, 1.1481481481481481, 0.8148148148148148, 0.037037037037037035, 0.0, 0.0, 0.7407407407407407, 0.4444444444444444, 0.5925925925925926, 0.2222222222222222, 0.5740740740740741, 0.24074074074074073, 1.1296296296296295, 0.35185185185185186, 9.777777777777779, 4.0, 4.444444444444445, 0.8888888888888888, 0.4444444444444444, 0.0, 23.555555555555557, 6.222222222222222, 4.888888888888889, 1.3333333333333333, 2.6666666666666665, 0.4444444444444444, 10.777777777777779, 3.4444444444444446, 3.0, 4.111111111111111, 0.7777777777777778, 0.3333333333333333, 1.4444444444444444, 0.1111111111111111, 10.555555555555555, 3.6666666666666665, 3.6666666666666665, 3.6666666666666665, 0.7777777777777778, 0.7777777777777778, 0.7777777777777778, 0.1111111111111111, 21.555555555555557, 6.0, 8.222222222222221, 6.888888888888889, 0.6666666666666666, 2.888888888888889, 1.5555555555555556, 0.2222222222222222]
0.3888888888888889, -6.55011036574074, [0.3888888888888889, 0.1111111111111111, 1.1481481481481481, 0.8148148148148148, 0.037037037037037035, 1.1481481481481481, 0.8148148148148148, 0.037037037037037035, 1.1481481481481481, 0.8148148148148148, 0.037037037037037035, 1.1481481481481481, 0.8148148148148148, 0.037037037037037035, 1.1481481481481481, 0.8148148148148148, 0.037037037037037035, 0.0, 0.0, 0.5925925925925926, 0.2222222222222222, -0.037037037037037035, 0.1111111111111111, 0.12962962962962962, -0.05555555555555555, 0.5370370370370371, 0.35185185185185186, 10.222222222222221, 3.5555555555555554, 4.444444444444445, 1.3333333333333333, 0.4444444444444444, 0.0, 23.555555555555557, 5.777777777777778, 5.777777777777778, 2.2222222222222223, 2.2222222222222223, 0.4444444444444444, 10.555555555555555, 3.6666666666666665, 3.2222222222222223, 4.111111111111111, 0.7777777777777778, 0.3333333333333333, 1.2222222222222223, 0.1111111111111111, 10.88888888888889, 3.7777777777777777, 3.3333333333333335, 3.3333333333333335, 1.1111111111111112, 0.6666666666666666, 0.6666666666666666, 0.2222222222222222, 21.22222222222222, 6.333333333333333, 8.11111111111111, 7.222222222222222, 0.7777777777777778, 2.5555555555555554, 1.6666666666666667, 0.1111111111111111]
0.3888888888888889, -6.547292030555555, [0.3888888888888889, 0.1111111111111111, 1.1481481481481481, 0.8148148148148148, 0.037037037037037035, 1.1481481481481481, 0.8148148148148148, 0.037037037037037035, 1.1481481481481481, 0.8148148148148148, 0.037037037037037035, 1.1481481481481481, 0.8148148148148148, 0.037037037037037035, 1.1481481481481481, 0.8148148148148148, 0.037037037037037035, 0.0, 0.0, 0.2962962962962963, -0.14814814814814814, 0.37037037037037035, 0.0, 0.35185185185185186, 0.018518518518518517, 0.8703703703703703, 0.3148148148148148, 9.777777777777779, 4.0, 4.444444444444445, 0.8888888888888888, 0.4444444444444444, 0.0, 23.555555555555557, 6.222222222222222, 4.888888888888889, 1.3333333333333333, 2.6666666666666665, 0.4444444444444444, 10.777777777777779, 3.4444444444444446, 3.0, 4.111111111111111, 0.7777777777777778, 0.3333333333333333, 1.4444444444444444, 0.1111111111111111, 10.555555555555555, 3.6666666666666665, 3.6666666666666665, 3.6666666666666665, 0.7777777777777778, 0.7777777777777778, 0.7777777777777778, 0.1111111111111111, 21.555555555555557, 6.0, 8.222222222222221, 6.888888888888889, 0.6666666666666666, 2.888888888888889, 1.5555555555555556, 0.2222222222222222]
0.3888888888888889, -6.531488223888889, [0.3888888888888889, 0.1111111111111111, 1.1481481481481481, 0.8148148148148148, 0.037037037037037035, 1.1481481481481481, 0.8148148148148148, 0.037037037037037035, 1.1481481481481481, 0.8148148148148148, 0.037037037037037035, 1.1481481481481481, 0.8148148148148148, 0.037037037037037035, 1.1481481481481481, 0.8148148148148148, 0.037037037037037035, 0.0, 0.0, 0.14814814814814814, 0.4444444444444444, 0.25925925925925924, -0.037037037037037035, 0.05555555555555555, 0.16666666666666666, 0.5, 0.09259259259259259, 9.777777777777779, 4.0, 4.444444444444445, 0.8888888888888888, 0.4444444444444444, 0.0, 23.555555555555557, 6.222222222222222, 4.888888888888889, 1.3333333333333333, 2.6666666666666665, 0.4444444444444444, 10.777777777777779, 3.4444444444444446, 3.0, 4.111111111111111, 0.7777777777777778, 0.3333333333333333, 1.4444444444444444, 0.1111111111111111, 10.555555555555555, 3.6666666666666665, 3.6666666666666665, 3.6666666666666665, 0.7777777777777778, 0.7777777777777778, 0.7777777777777778, 0.1111111111111111, 21.555555555555557, 6.0, 8.222222222222221, 6.888888888888889, 0.6666666666666666, 2.888888888888889, 1.5555555555555556, 0.2222222222222222]
0.3888888888888889, -6.5420486853703705, [0.3888888888888889, 0.1111111111111111, 1.1111111111111112, 0.8888888888888888, 0.0, 1.1111111111111112, 0.8888888888888888, 0.0, 1.1111111111111112, 0.8888888888888888, 0.0, 1.1111111111111112, 0.8888888888888888, 0.0, 1.1111111111111112, 0.8888888888888888, 0.0, 0.0, 0.0, 0.37037037037037035, 0.14814814814814814, 0.8148148148148148, 0.37037037037037035, 1.1851851851851851, 0.0, 1.1851851851851851, 0.14814814814814814, 9.333333333333334, 4.0, 5.333333333333333, 1.3333333333333333, 0.0, 0.0, 18.666666666666668, 8.0, 10.666666666666666, 2.6666666666666665, 0.0, 0.0, 13.333333333333334, 5.333333333333333, 0.0, 0.0, 5.333333333333333, 0.0, 0.0, 0.0, 14.666666666666666, 0.0, 4.0, 0.0, 0.0, 4.0, 0.0, 1.3333333333333333, 18.666666666666668, 8.0, 8.0, 10.666666666666666, 0.0, 0.0, 2.6666666666666665, 0.0]
0.3888888888888889, -6.5499924362962965, [0.3888888888888889, 0.1111111111111111, 1.1111111111111112, 0.8888888888888888, 0.0, 1.1111111111111112, 0.8888888888888888, 0.0, 1.1111111111111112, 0.8888888888888888, 0.0, 1.1111111111111112, 0.8888888888888888, 0.0, 1.1111111111111112, 0.8888888888888888, 0.0, 0.0, 0.0, 0.07407407407407407, 0.0, 0.4444444444444444, 0.2962962962962963, 0.7407407407407407, 0.0, 1.9259259259259258, 0.5925925925925926, 9.333333333333334, 4.0, 5.333333333333333, 1.3333333333333333, 0.0, 0.0, 18.666666666666668, 8.0, 10.666666666666666, 2.6666666666666665, 0.0, 0.0, 13.333333333333334, 5.333333333333333, 0.0, 0.0, 5.333333333333333, 0.0, 0.0, 0.0, 14.666666666666666, 0.0, 4.0, 0.0, 0.0, 4.0, 0.0, 1.3333333333333333, 18.666666666666668, 8.0, 8.0, 10.666666666666666, 0.0, 0.0, 2.6666666666666665, 0.0]
0.3888888888888889, -6.548934254259259, [0.3888888888888889, 0.1111111111111111, 1.1111111111111112, 0.8888888888888888, 0.0, 1.1111111111111112, 0.8888888888888888, 0.0, 1.1111111111111112, 0.8888888888888888, 0.0, 1.1111111111111112, 0.8888888888888888, 0.0, 1.1111111111111112, 0.8888888888888888, 0.0, 0.0, 0.0, 0.37037037037037035, 0.14814814814814814, 0.0, 0.0, 0.0, 0.0, 0.0, 0.14814814814814814, 9.333333333333334, 4.0, 5.333333333333333, 1.3333333333333333, 0.0, 0.0, 18.666666666666668, 8.0, 10.666666666666666, 2.6666666666666665, 0.0, 0.0, 13.333333333333334, 5.333333333333333, 0.0, 0.0, 5.333333333333333, 0.0, 0.0, 0.0, 14.666666666666666, 0.0, 4.0, 0.0, 0.0, 4.0, 0.0, 1.3333333333333333, 18.666666666666668, 8.0, 8.0, 10.666666666666666, 0.0, 0.0, 2.6666666666666665, 0.0]
0.5, -7.281118863148148, [0.5, 0.0, 2.0, 0.0, 0.0, 2.0, 0.0, 0.0, 2.0, 0.0, 0.0, 2.0, 0.0, 0.0, 2.0, 0.0, 0.0, 0.0, 0.0, -0.4444444444444444, 0.0, -0.4444444444444444, 0.0, -0.4444444444444444, 0.0, 1.6296296296296295, 0.0, 24.0, 0.0, 0.0, 0.0, 0.0, 0.0, 48.0, 0.0, 0.0, 0.0, 0.0, 0.0, 24.0, 0.0, 0.0, 0.0, 0.0, 0.0, 0.0, 0.0, 24.0, 0.0, 0.0, 0.0, 0.0, 0.0, 0.0, 0.0, 48.0, 0.0, 0.0, 0.0, 0.0, 0.0, 0.0, 0.0]
0.5, -7.252678576851851, [0.5, 0.0, 2.0, 0.0, 0.0, 2.0, 0.0, 0.0, 2.0, 0.0, 0.0, 2.0, 0.0, 0.0, 2.0, 0.0, 0.0, 0.0, 0.0, 2.5185185185185186, 0.0, 2.2222222222222223, 0.0, 2.2222222222222223, 0.0, 2.814814814814815, 0.0, 24.0, 0.0, 0.0, 0.0, 0.0, 0.0, 48.0, 0.0, 0.0, 0.0, 0.0, 0.0, 24.0, 0.0, 0.0, 0.0, 0.0, 0.0, 0.0, 0.0, 24.0, 0.0, 0.0, 0.0, 0.0, 0.0, 0.0, 0.0, 48.0, 0.0, 0.0, 0.0, 0.0, 0.0, 0.0, 0.0]
0.5, -7.258910024814815, [0.5, 0.0, 2.0, 0.0, 0.0, 2.0, 0.0, 0.0, 2.0, 0.0, 0.0, 2.0, 0.0, 0.0, 2.0, 0.0, 0.0, 0.0, 0.0, 1.6296296296296295, 0.0, 1.037037037037037, 0.0, 1.037037037037037, 0.0, 1.6296296296296295, 0.0, 24.0, 0.0, 0.0, 0.0, 0.0, 0.0, 48.0, 0.0, 0.0, 0.0, 0.0, 0.0, 24.0, 0.0, 0.0, 0.0, 0.0, 0.0, 0.0, 0.0, 24.0, 0.0, 0.0, 0.0, 0.0, 0.0, 0.0, 0.0, 48.0, 0.0, 0.0, 0.0, 0.0, 0.0, 0.0, 0.0]
0.5, -7.262729869999999, [0.5, 0.0, 2.0, 0.0, 0.0, 2.0, 0.0, 0.0, 2.0, 0.0, 0.0, 2.0, 0.0, 0.0, 2.0, 0.0, 0.0, 0.0, 0.0, 1.3333333333333333, 0.0, 0.7407407407407407, 0.0, 0.7407407407407407, 0.0, 1.6296296296296295, 0.0, 24.0, 0.0, 0.0, 0.0, 0.0, 0.0, 48.0, 0.0, 0.0, 0.0, 0.0, 0.0, 24.0, 0.0, 0.0, 0.0, 0.0, 0.0, 0.0, 0.0, 24.0, 0.0, 0.0, 0.0, 0.0, 0.0, 0.0, 0.0, 48.0, 0.0, 0.0, 0.0, 0.0, 0.0, 0.0, 0.0]
0.5, -7.274092110370371, [0.5, 0.0, 2.0, 0.0, 0.0, 2.0, 0.0, 0.0, 2.0, 0.0, 0.0, 2.0, 0.0, 0.0, 2.0, 0.0, 0.0, 0.0, 0.0, 1.3333333333333333, 0.0, 0.4444444444444444, 0.0, 0.4444444444444444, 0.0, 2.814814814814815, 0.0, 24.0, 0.0, 0.0, 0.0, 0.0, 0.0, 48.0, 0.0, 0.0, 0.0, 0.0, 0.0, 24.0, 0.0, 0.0, 0.0, 0.0, 0.0, 0.0, 0.0, 24.0, 0.0, 0.0, 0.0, 0.0, 0.0, 0.0, 0.0, 48.0, 0.0, 0.0, 0.0, 0.0, 0.0, 0.0, 0.0]
0.5, -7.28478835537037, [0.5, 0.0, 2.0, 0.0, 0.0, 2.0, 0.0, 0.0, 2.0, 0.0, 0.0, 2.0, 0.0, 0.0, 2.0, 0.0, 0.0, 0.0, 0.0, 0.4444444444444444, 0.0, -0.7407407407407407, 0.0, -0.7407407407407407, 0.0, -0.14814814814814814, 0.0, 24.0, 0.0, 0.0, 0.0, 0.0, 0.0, 48.0, 0.0, 0.0, 0.0, 0.0, 0.0, 24.0, 0.0, 0.0, 0.0, 0.0, 0.0, 0.0, 0.0, 24.0, 0.0, 0.0, 0.0, 0.0, 0.0, 0.0, 0.0, 48.0, 0.0, 0.0, 0.0, 0.0, 0.0, 0.0, 0.0]
0.3888888888888889, -6.546181579444444, [0.3888888888888889, 0.1111111111111111, 1.037037037037037, 0.7777777777777778, 0.037037037037037035, 1.037037037037037, 0.7777777777777778, 0.037037037037037035, 1.037037037037037, 0.7777777777777778, 0.037037037037037035, 1.037037037037037, 0.7777777777777778, 0.037037037037037035, 1.037037037037037, 0.7777777777777778, 0.037037037037037035, 0.0, 0.0, 0.14814814814814814, -0.2962962962962963, 0.5555555555555556, 0.14814814814814814, 0.6296296296296297, 0.05555555555555555, 0.6666666666666666, -0.05555555555555555, 8.444444444444445, 3.5555555555555554, 4.0, 0.8888888888888888, 0.4444444444444444, 0.0, 19.555555555555557, 6.333333333333333, 5.555555555555555, 1.1111111111111112, 1.6666666666666667, 0.4444444444444444, 10.222222222222221, 3.4444444444444446, 1.6666666666666667, 2.4444444444444446, 2.2222222222222223, 0.2222222222222222, 0.8888888888888888, 0.2222222222222222, 10.0, 2.111111111111111, 3.6666666666666665, 2.0, 0.4444444444444444, 2.2222222222222223, 0.4444444444444444, 0.4444444444444444, 17.666666666666668, 6.222222222222222, 7.777777777777778, 6.888888888888889, 0.5555555555555556, 1.8888888888888888, 1.4444444444444444, 0.2222222222222222]
0.5, -7.3092435925, [0.5, 0.0, 1.0, 0.0, 0.0, 1.0, 0.0, 0.0, 1.0, 0.0, 0.0, 1.0, 0.0, 0.0, 1.0, 0.0, 0.0, 0.0, 0.0, 2.0, 0.0, -2.0, 0.0, -2.0, 0.0, 2.0, 0.0, 24.0, 0.0, 0.0, 0.0, 0.0, 0.0, 48.0, 0.0, 0.0, 0.0, 0.0, 0.0, 24.0, 0.0, 0.0, 0.0, 0.0, 0.0, 0.0, 0.0, 24.0, 0.0, 0.0, 0.0, 0.0, 0.0, 0.0, 0.0, 48.0, 0.0, 0.0, 0.0, 0.0, 0.0, 0.0, 0.0]
0.3125, -6.057679725625, [0.3125, 0.1875, 0.625, 0.0, 0.375, 0.625, 0.0, 0.375, 0.625, 0.0, 0.375, 0.625, 0.0, 0.375, 0.625, 0.0, 0.375, 0.0, 0.0, 0.5, 1.5, 0.5, 0.5, 0.5, 0.5, 0.5, 1.5, 3.0, 3.0, 9.0, 6.0, 0.0, 0.0, 6.0, 6.0, 18.0, 12.0, 0.0, 0.0, 3.0, 9.0, 3.0, 3.0, 6.0, 0.0, 0.0, 0.0, 12.0, 0.0, 0.0, 0.0, 3.0, 3.0, 3.0, 3.0, 6.0, 6.0, 6.0, 18.0, 0.0, 0.0, 12.0, 0.0]
0.3125, -6.053705383125, [0.3125, 0.1875, 0.625, 0.0, 0.375, 0.625, 0.0, 0.375, 0.625, 0.0, 0.375, 0.625, 0.0, 0.375, 0.625, 0.0, 0.375, 0.0, 0.0, -0.5, -1.5, 0.0, 0.0, 0.0, 0.0, 0.5, 1.5, 3.0, 3.0, 9.0, 6.0, 0.0, 0.0, 6.0, 6.0, 18.0, 12.0, 0.0, 0.0, 3.0, 9.0, 3.0, 3.0, 6.0, 0.0, 0.0, 0.0, 12.0, 0.0, 0.0, 0.0, 3.0, 3.0, 3.0, 3.0, 6.0, 6.0, 6.0, 18.0, 0.0, 0.0, 12.0, 0.0]
0.3125, -6.078209885625, [0.3125, 0.1875, 0.625, 0.0, 0.375, 0.625, 0.0, 0.375, 0.625, 0.0, 0.375, 0.625, 0.0, 0.375, 0.625, 0.0, 0.375, 0.0, 0.0, -0.5, -0.5, 0.0, -0.5, -0.75, 0.25, 1.25, 0.75, 3.0, 6.0, 3.0, 0.0, 3.0, 0.0, 6.0, 12.0, 6.0, 0.0, 6.0, 0.0, 7.5, 4.5, 1.5, 1.5, 4.5, 1.5, 1.5, 1.5, 3.0, 3.0, 9.0, 3.0, 0.0, 6.0, 0.0, 0.0, 6.0, 12.0, 12.0, 6.0, 6.0, 6.0, 0.0, 0.0]
0.3125, -6.08448848375, [0.3125, 0.1875, 0.625, 0.0, 0.375, 0.625, 0.0, 0.375, 0.625, 0.0, 0.375, 0.625, 0.0, 0.375, 0.625, 0.0, 0.375, 0.0, 0.0, 0.5, -0.5, -0.5, -0.5, -0.5, -0.5, 0.5, 0.5, 3.0, 3.0, 9.0, 6.0, 0.0, 0.0, 24.0, 0.0, 0.0, 6.0, 6.0, 6.0, 3.0, 3.0, 3.0, 9.0, 0.0, 0.0, 6.0, 0.0, 3.0, 9.0, 3.0, 3.0, 6.0, 0.0, 0.0, 0.0, 6.0, 6.0, 18.0, 6.0, 0.0, 12.0, 0.0, 0.0]
0.375, -6.475040961875, [0.375, 0.125, 0.75, 0.0, 0.25, 0.75, 0.0, 0.25, 0.75, 0.0, 0.25, 0.75, 0.0, 0.25, 0.75, 0.0, 0.25, 0.0, 0.0, 0.0, 0.0, -0.5, -0.5, -1.0, 0.0, 1.0, 0.0, 6.0, 6.0, 6.0, 0.0, 0.0, 0.0, 12.0, 12.0, 12.0, 0.0, 0.0, 0.0, 12.0, 6.0, 0.0, 0.0, 6.0, 0.0, 0.0, 0.0, 12.0, 0.0, 6.0, 0.0, 0.0, 6.0, 0.0, 0.0, 12.0, 12.0, 12.0, 12.0, 0.0, 0.0, 0.0, 0.0]
0.375, -6.459629015625, [0.375, 0.125, 0.75, 0.0, 0.25, 0.75, 0.0, 0.25, 0.75, 0.0, 0.25, 0.75, 0.0, 0.25, 0.75, 0.0, 0.25, 0.0, 0.0, 0.0, 0.0, 0.0, -0.5, -1.0, 0.5, 1.5, 0.5, 12.0, 3.0, 0.0, 0.0, 3.0, 0.0, 12.0, 12.0, 12.0, 0.0, 0.0, 0.0, 9.0, 3.0, 6.0, 3.0, 0.0, 3.0, 0.0, 0.0, 6.0, 6.0, 6.0, 6.0, 0.0, 0.0, 0.0, 0.0, 18.0, 12.0, 6.0, 6.0, 6.0, 0.0, 0.0, 0.0]
0.375, -6.4988506425, [0.375, 0.125, 0.75, 0.0, 0.25, 0.75, 0.0, 0.25, 0.75, 0.0, 0.25, 0.75, 0.0, 0.25, 0.75, 0.0, 0.25, 0.0, 0.0, 1.0, 1.0, -1.0, -1.0, -2.0, 0.0, 2.0, 1.0, 6.0, 6.0, 6.0, 0.0, 0.0, 0.0, 12.0, 12.0, 12.0, 0.0, 0.0, 0.0, 12.0, 6.0, 0.0, 0.0, 6.0, 0.0, 0.0, 0.0, 12.0, 0.0, 6.0, 0.0, 0.0, 6.0, 0.0, 0.0, 12.0, 12.0, 12.0, 12.0, 0.0, 0.0, 0.0, 0.0]
0.375, -6.4656297425, [0.375, 0.125, 0.75, 0.0, 0.25, 0.75, 0.0, 0.25, 0.75, 0.0, 0.25, 0.75, 0.0, 0.25, 0.75, 0.0, 0.25, 0.0, 0.0, -1.0, -1.0, 0.0, 0.0, -0.5, 0.5, 1.5, 0.5, 6.0, 6.0, 6.0, 0.0, 0.0, 0.0, 24.0, 6.0, 0.0, 0.0, 6.0, 0.0, 9.0, 3.0, 3.0, 6.0, 0.0, 0.0, 3.0, 0.0, 6.0, 6.0, 6.0, 6.0, 0.0, 0.0, 0.0, 0.0, 18.0, 6.0, 12.0, 6.0, 0.0, 6.0, 0.0, 0.0]
0.375, -6.47722014, [0.375, 0.125, 0.75, 0.0, 0.25, 0.75, 0.0, 0.25, 0.75, 0.0, 0.25, 0.75, 0.0, 0.25, 0.75, 0.0, 0.25, 0.0, 0.0, 2.0, -1.0, -2.0, 0.0, -1.0, -1.0, 0.0, 0.0, 12.0, 0.0, 6.0, 6.0, 0.0, 0.0, 24.0, 0.0, 12.0, 12.0, 0.0, 0.0, 6.0, 6.0, 6.0, 6.0, 0.0, 0.0, 0.0, 0.0, 12.0, 6.0, 0.0, 0.0, 6.0, 0.0, 0.0, 0.0, 12.0, 12.0, 12.0, 12.0, 0.0, 0.0, 0.0, 0.0]
0.375, -6.4675374475, [0.375, 0.125, 0.75, 0.0, 0.25, 0.75, 0.0, 0.25, 0.75, 0.0, 0.25, 0.75, 0.0, 0.25, 0.75, 0.0, 0.25, 0.0, 0.0, 0.0, 1.0, 0.0, 0.0, 0.0, 0.0, 1.0, 1.0, 12.0, 0.0, 6.0, 6.0, 0.0, 0.0, 24.0, 0.0, 12.0, 12.0, 0.0, 0.0, 6.0, 6.0, 6.0, 6.0, 0.0, 0.0, 0.0, 0.0, 12.0, 6.0, 0.0, 0.0, 6.0, 0.0, 0.0, 0.0, 12.0, 12.0, 12.0, 12.0, 0.0, 0.0, 0.0, 0.0]
0.375, -6.4790117775, [0.375, 0.125, 0.75, 0.0, 0.25, 0.75, 0.0, 0.25, 0.75, 0.0, 0.25, 0.75, 0.0, 0.25, 0.75, 0.0, 0.25, 0.0, 0.0, 2.0, 1.0, -2.0, 0.0, -1.0, -1.0, 1.0, 1.0, 12.0, 0.0, 6.0, 6.0, 0.0, 0.0, 24.0, 0.0, 12.0, 12.0, 0.0, 0.0, 6.0, 6.0, 6.0, 6.0, 0.0, 0.0, 0.0, 0.0, 12.0, 6.0, 0.0, 0.0, 6.0, 0.0, 0.0, 0.0, 12.0, 12.0, 12.0, 12.0, 0.0, 0.0, 0.0, 0.0]
0.375, -6.435982720625, [0.375, 0.125, 0.75, 0.0, 0.25, 0.75, 0.0, 0.25, 0.75, 0.0, 0.25, 0.75, 0.0, 0.25, 0.75, 0.0, 0.25, 0.0, 0.0, -1.0, -1.0, 0.0, 0.0, 0.0, 0.0, 1.0, 1.0, 6.0, 6.0, 6.0, 0.0, 0.0, 0.0, 12.0, 12.0, 12.0, 0.0, 0.0, 0.0, 6.0, 6.0, 6.0, 6.0, 0.0, 0.0, 0.0, 0.0, 12.0, 0.0, 0.0, 6.0, 0.0, 0.0, 6.0, 0.0, 24.0, 0.0, 0.0, 12.0, 0.0, 0.0, 12.0, 0.0]
0.375, -6.454320684375, [0.375, 0.125, 0.75, 0.0, 0.25, 0.75, 0.0, 0.25, 0.75, 0.0, 0.25, 0.75, 0.0, 0.25, 0.75, 0.0, 0.25, 0.0, 0.0, 1.0, 1.0, -1.0, -1.0, -1.0, -1.0, 1.0, 1.0, 6.0, 6.0, 6.0, 0.0, 0.0, 0.0, 12.0, 12.0, 12.0, 0.0, 0.0, 0.0, 6.0, 6.0, 6.0, 6.0, 0.0, 0.0, 0.0, 0.0, 12.0, 0.0, 0.0, 6.0, 0.0, 0.0, 6.0, 0.0, 24.0, 0.0, 0.0, 12.0, 0.0, 0.0, 12.0, 0.0]
0.4375, -6.868150240625, [0.4375, 0.0625, 0.875, 0.0, 0.125, 0.875, 0.0, 0.125, 0.875, 0.0, 0.125, 0.875, 0.0, 0.125, 0.875, 0.0, 0.125, 0.0, 0.0, 0.5, 0.5, -0.5, -0.5, -0.5, -0.5, 0.5, 0.5, 15.0, 3.0, 3.0, 0.0, 0.0, 0.0, 30.0, 6.0, 6.0, 0.0, 0.0, 0.0, 15.0, 3.0, 3.0, 3.0, 0.0, 0.0, 0.0, 0.0, 15.0, 3.0, 3.0, 3.0, 0.0, 0.0, 0.0, 0.0, 30.0, 6.0, 6.0, 6.0, 0.0, 0.0, 0.0, 0.0]
0.4375, -6.920306906875, [0.4375, 0.0625, 0.875, 0.0, 0.125, 0.875, 0.0, 0.125, 0.875, 0.0, 0.125, 0.875, 0.0, 0.125, 0.875, 0.0, 0.125, 0.0, 0.0, 2.5, 0.5, -2.5, -0.5, -2.5, -0.5, 2.5, 0.5, 15.0, 3.0, 3.0, 0.0, 0.0, 0.0, 30.0, 6.0, 6.0, 0.0, 0.0, 0.0, 15.0, 3.0, 3.0, 3.0, 0.0, 0.0, 0.0, 0.0, 15.0, 3.0, 3.0, 3.0, 0.0, 0.0, 0.0, 0.0, 30.0, 6.0, 6.0, 6.0, 0.0, 0.0, 0.0, 0.0]
0.4375, -6.87418232375, [0.4375, 0.0625, 0.875, 0.0, 0.125, 0.875, 0.0, 0.125, 0.875, 0.0, 0.125, 0.875, 0.0, 0.125, 0.875, 0.0, 0.125, 0.0, 0.0, 0.5, 0.5, -0.5, -0.5, -1.0, 0.0, 1.0, 0.0, 15.0, 3.0, 3.0, 0.0, 0.0, 0.0, 30.0, 6.0, 6.0, 0.0, 0.0, 0.0, 15.0, 3.0, 3.0, 3.0, 0.0, 0.0, 0.0, 0.0, 15.0, 3.0, 3.0, 3.0, 0.0, 0.0, 0.0, 0.0, 30.0, 6.0, 6.0, 6.0, 0.0, 0.0, 0.0, 0.0]
0.4375, -6.857838466875, [0.4375, 0.0625, 0.875, 0.0, 0.125, 0.875, 0.0, 0.125, 0.875, 0.0, 0.125, 0.875, 0.0, 0.125, 0.875, 0.0, 0.125, 0.0, 0.0, 0.5, 0.5, 0.5, 0.5, 1.5, -0.5, 2.5, 0.5, 15.0, 3.0, 3.0, 0.0, 0.0, 0.0, 30.0, 6.0, 6.0, 0.0, 0.0, 0.0, 15.0, 3.0, 3.0, 3.0, 0.0, 0.0, 0.0, 0.0, 15.0, 3.0, 3.0, 3.0, 0.0, 0.0, 0.0, 0.0, 30.0, 6.0, 6.0, 6.0, 0.0, 0.0, 0.0, 0.0]
0.4375, -6.874182980625, [0.4375, 0.0625, 0.875, 0.0, 0.125, 0.875, 0.0, 0.125, 0.875, 0.0, 0.125, 0.875, 0.0, 0.125, 0.875, 0.0, 0.125, 0.0, 0.0, 0.5, 0.5, -0.5, -0.5, -1.0, 0.0, 1.0, 0.0, 15.0, 3.0, 3.0, 0.0, 0.0, 0.0, 30.0, 6.0, 6.0, 0.0, 0.0, 0.0, 15.0, 3.0, 3.0, 3.0, 0.0, 0.0, 0.0, 0.0, 15.0, 3.0, 3.0, 3.0, 0.0, 0.0, 0.0, 0.0, 30.0, 6.0, 6.0, 6.0, 0.0, 0.0, 0.0, 0.0]
0.4375, -6.892399390625, [0.4375, 0.0625, 0.875, 0.0, 0.125, 0.875, 0.0, 0.125, 0.875, 0.0, 0.125, 0.875, 0.0, 0.125, 0.875, 0.0, 0.125, 0.0, 0.0, 1.5, -0.5, -2.0, 0.0, -1.5, -0.5, 1.0, 0.0, 15.0, 3.0, 3.0, 0.0, 0.0, 0.0, 30.0, 6.0, 6.0, 0.0, 0.0, 0.0, 15.0, 3.0, 3.0, 3.0, 0.0, 0.0, 0.0, 0.0, 15.0, 3.0, 3.0, 3.0, 0.0, 0.0, 0.0, 0.0, 30.0, 6.0, 6.0, 6.0, 0.0, 0.0, 0.0, 0.0]
0.4375, -6.888736515625, [0.4375, 0.0625, 0.875, 0.0, 0.125, 0.875, 0.0, 0.125, 0.875, 0.0, 0.125, 0.875, 0.0, 0.125, 0.875, 0.0, 0.125, 0.0, 0.0, 0.5, 0.5, -0.5, -0.5, -1.5, 0.5, 2.5, 0.5, 15.0, 3.0, 3.0, 0.0, 0.0, 0.0, 30.0, 6.0, 6.0, 0.0, 0.0, 0.0, 15.0, 3.0, 3.0, 3.0, 0.0, 0.0, 0.0, 0.0, 15.0, 3.0, 3.0, 3.0, 0.0, 0.0, 0.0, 0.0, 30.0, 6.0, 6.0, 6.0, 0.0, 0.0, 0.0, 0.0]
0.4375, -6.868001514375, [0.4375, 0.0625, 0.875, 0.0, 0.125, 0.875, 0.0, 0.125, 0.875, 0.0, 0.125, 0.875, 0.0, 0.125, 0.875, 0.0, 0.125, 0.0, 0.0, -0.5, -0.5, 0.0, 0.0, 0.0, 0.0, 2.5, 0.5, 15.0, 3.0, 3.0, 0.0, 0.0, 0.0, 30.0, 6.0, 6.0, 0.0, 0.0, 0.0, 15.0, 3.0, 3.0, 3.0, 0.0, 0.0, 0.0, 0.0, 15.0, 3.0, 3.0, 3.0, 0.0, 0.0, 0.0, 0.0, 30.0, 6.0, 6.0, 6.0, 0.0, 0.0, 0.0, 0.0]
0.4375, -6.8887344275, [0.4375, 0.0625, 0.875, 0.0, 0.125, 0.875, 0.0, 0.125, 0.875, 0.0, 0.125, 0.875, 0.0, 0.125, 0.875, 0.0, 0.125, 0.0, 0.0, 0.5, 0.5, -0.5, -0.5, -1.5, 0.5, 2.5, 0.5, 15.0, 3.0, 3.0, 0.0, 0.0, 0.0, 30.0, 6.0, 6.0, 0.0, 0.0, 0.0, 15.0, 3.0, 3.0, 3.0, 0.0, 0.0, 0.0, 0.0, 15.0, 3.0, 3.0, 3.0, 0.0, 0.0, 0.0, 0.0, 30.0, 6.0, 6.0, 6.0, 0.0, 0.0, 0.0, 0.0]
