Data set: 

Clusters:  [[species],[distance],[chem (0) / spin (1)]]
[[1], [0]]
[[1, 1], [1.0], [0]]
[[1, 2], [1.0], [0]]
[[1, 1], [0.7071067811865476], [0]]
[[1, 2], [0.7071067811865476], [0]]
[[2, 2], [0.7071067811865476], [0]]
[[1, 1], [0.5], [0]]
[[1, 2], [0.5], [0]]
[[1, 1], [0.8660254037844386], [0]]
[[1, 2], [0.8660254037844386], [0]]
[[1, 1], [0.5], [1]]
[[1, 1], [0.7071067811865476], [1]]
[[1, 1], [0.8660254037844386], [1]]
[[1, 1], [1.0], [1]]
[[1, 1, 1], [0.7071067811865476, 0.5, 0.5], [0]]
[[1, 1, 2], [0.7071067811865476, 0.5, 0.5], [0]]
[[1, 2, 1], [0.7071067811865476, 0.5, 0.5], [0]]
[[1, 2, 2], [0.7071067811865476, 0.5, 0.5], [0]]
[[2, 2, 1], [0.7071067811865476, 0.5, 0.5], [0]]
[[2, 1, 1], [0.7071067811865476, 0.5, 0.5], [0]]
[[2, 2, 2], [0.7071067811865476, 0.5, 0.5], [0]]
[[1, 1, 1], [0.7071067811865476, 0.5, 0.8660254037844386], [0]]
[[1, 1, 2], [0.7071067811865476, 0.5, 0.8660254037844386], [0]]
[[1, 2, 1], [0.7071067811865476, 0.5, 0.8660254037844386], [0]]
[[1, 2, 2], [0.7071067811865476, 0.5, 0.8660254037844386], [0]]
[[2, 1, 1], [0.7071067811865476, 0.5, 0.8660254037844386], [0]]
[[2, 1, 2], [0.7071067811865476, 0.5, 0.8660254037844386], [0]]
[[2, 2, 2], [0.7071067811865476, 0.5, 0.8660254037844386], [0]]
[[2, 2, 1], [0.7071067811865476, 0.5, 0.8660254037844386], [0]]


Energy per Atom (eV) : Cluster Count per Atom
-6.264201223125 : [0.375, 1.125, 0.0, 3.0, 3.0, 0.0, 1.5, 1.5, 3.0, 0.0, -0.5, 1.0, -2.0, 0.75, 1.5, 1.5, 3.0, 0.0, 0.0, 3.0, 0.0, 6.0, 0.0, 0.0, 3.0, 3.0, 0.0, 0.0, 0.0]
-6.428232525 : [0.375, 1.125, 0.0, 3.0, 3.0, 0.0, 1.5, 1.5, 3.0, 0.0, -0.5, -1.0, 1.0, 1.125, 1.5, 1.5, 3.0, 0.0, 0.0, 3.0, 0.0, 6.0, 0.0, 0.0, 3.0, 3.0, 0.0, 0.0, 0.0]
-6.433386435 : [0.375, 1.125, 0.0, 3.0, 3.0, 0.0, 1.5, 1.5, 3.0, 0.0, 1.5, 3.0, 3.0, 1.125, 1.5, 1.5, 3.0, 0.0, 0.0, 3.0, 0.0, 6.0, 0.0, 0.0, 3.0, 3.0, 0.0, 0.0, 0.0]
-6.470706193125 : [0.375, 1.125, 0.0, 3.5, 2.0, 0.5, 1.5, 1.5, 2.0, 2.0, 1.5, 3.5, 2.0, 1.125, 2.0, 1.5, 2.0, 0.0, 0.5, 2.0, 0.0, 4.0, 3.0, 2.0, 0.0, 2.0, 0.0, 0.0, 1.0]
-6.091817645 : [0.3125, 0.9375, 0.0, 3.0, 1.5, 1.5, 0.75, 2.25, 1.0, 3.0, 0.75, 3.0, 1.0, 0.9375, 0.75, 2.25, 1.5, 0.0, 1.5, 1.5, 0.0, 1.5, 4.5, 1.5, 0.0, 1.5, 0.0, 0.0, 3.0]
-7.2548362775 : [0.5, 1.5, 0.0, 6.0, 0.0, 0.0, 3.0, 0.0, 4.0, 0.0, 3.0, 6.0, 4.0, 1.5, 6.0, 0.0, 0.0, 0.0, 0.0, 0.0, 0.0, 12.0, 0.0, 0.0, 0.0, 0.0, 0.0, 0.0, 0.0]
-5.69115918875 : [0.25, 0.75, 0.0, 3.0, 0.0, 3.0, 0.0, 3.0, 0.0, 4.0, 0.0, -1.0, 0.0, 0.75, 0.0, 3.0, 0.0, 0.0, 3.0, 0.0, 0.0, 0.0, 6.0, 0.0, 0.0, 0.0, 0.0, 0.0, 6.0]
-5.71034231375 : [0.25, 0.75, 0.0, 3.0, 0.0, 3.0, 0.0, 3.0, 0.0, 4.0, 0.0, 3.0, 0.0, 0.75, 0.0, 3.0, 0.0, 0.0, 3.0, 0.0, 0.0, 0.0, 6.0, 0.0, 0.0, 0.0, 0.0, 0.0, 6.0]
-7.24272436125 : [0.5, 1.5, 0.0, 6.0, 0.0, 0.0, 3.0, 0.0, 4.0, 0.0, -3.0, 6.0, -4.0, 1.5, 6.0, 0.0, 0.0, 0.0, 0.0, 0.0, 0.0, 12.0, 0.0, 0.0, 0.0, 0.0, 0.0, 0.0, 0.0]
-7.24611362125 : [0.5, 1.5, 0.0, 6.0, 0.0, 0.0, 3.0, 0.0, 4.0, 0.0, -1.5, 3.0, -2.0, 1.5, 6.0, 0.0, 0.0, 0.0, 0.0, 0.0, 0.0, 12.0, 0.0, 0.0, 0.0, 0.0, 0.0, 0.0, 0.0]
-5.660855673125 : [0.25, 0.75, 0.0, 1.0, 4.0, 1.0, 0.75, 1.5, 1.0, 2.0, -0.75, 1.0, -1.0, 0.75, 0.5, 0.5, 2.0, 2.0, 0.5, 2.0, 0.5, 1.0, 1.0, 2.0, 2.0, 2.0, 2.0, 1.0, 1.0]
-5.638871819375 : [0.25, 0.75, 0.0, 1.0, 4.0, 1.0, 0.5, 2.0, 2.0, 0.0, -0.5, -1.0, 2.0, 0.75, 0.0, 1.0, 2.0, 2.0, 1.0, 2.0, 0.0, 2.0, 0.0, 0.0, 4.0, 4.0, 0.0, 2.0, 0.0]
-5.602994719375 : [0.25, 0.75, 0.0, 1.5, 3.0, 1.5, 0.5, 2.0, 1.0, 2.0, -0.25, 0.5, -1.0, 0.5625, 0.25, 1.25, 1.5, 1.5, 1.25, 1.5, 0.25, 1.0, 2.0, 1.0, 2.0, 2.0, 1.0, 1.0, 2.0]
-5.660173285625 : [0.25, 0.75, 0.0, 1.5, 3.0, 1.5, 0.5, 2.0, 1.0, 2.0, -0.5, -0.5, 1.0, 0.75, 0.25, 1.25, 1.5, 1.5, 1.25, 1.5, 0.25, 1.0, 2.0, 1.0, 2.0, 2.0, 1.0, 1.0, 2.0]
-5.654945330625 : [0.25, 0.75, 0.0, 1.0, 4.0, 1.0, 0.5, 2.0, 2.0, 0.0, -0.5, 1.0, -2.0, 0.75, 0.0, 1.0, 2.0, 2.0, 1.0, 2.0, 0.0, 2.0, 0.0, 0.0, 4.0, 4.0, 0.0, 2.0, 0.0]
-7.243872056875 : [0.5, 1.5, 0.0, 6.0, 0.0, 0.0, 3.0, 0.0, 4.0, 0.0, 1.5, 3.0, 2.0, 1.5, 6.0, 0.0, 0.0, 0.0, 0.0, 0.0, 0.0, 12.0, 0.0, 0.0, 0.0, 0.0, 0.0, 0.0, 0.0]
-7.240407225 : [0.5, 1.5, 0.0, 6.0, 0.0, 0.0, 3.0, 0.0, 4.0, 0.0, 0.0, 0.0, 4.0, 1.5, 6.0, 0.0, 0.0, 0.0, 0.0, 0.0, 0.0, 12.0, 0.0, 0.0, 0.0, 0.0, 0.0, 0.0, 0.0]
-6.0721607925 : [0.3125, 0.9375, 0.0, 2.0, 3.5, 0.5, 1.25, 1.25, 1.0, 3.0, 1.25, 2.0, 1.0, 0.9375, 1.5, 0.5, 2.0, 1.5, 0.25, 2.0, 0.25, 1.5, 2.5, 3.5, 0.0, 1.5, 2.0, 0.0, 1.0]
-6.0685189025 : [0.3125, 0.9375, 0.0, 3.0, 1.5, 1.5, 0.75, 2.25, 1.0, 3.0, -0.75, 0.0, 1.0, 0.9375, 0.75, 2.25, 1.5, 0.0, 1.5, 1.5, 0.0, 1.5, 4.5, 1.5, 0.0, 1.5, 0.0, 0.0, 3.0]
-6.846141203125 : [0.4375, 1.3125, 0.0, 4.5, 1.5, 0.0, 2.25, 0.75, 3.0, 1.0, 0.25, 0.5, -1.0, 1.3125, 3.75, 0.75, 1.5, 0.0, 0.0, 1.5, 0.0, 7.5, 1.5, 1.5, 0.0, 1.5, 0.0, 0.0, 0.0]
-6.856942741875 : [0.4375, 1.3125, 0.0, 4.5, 1.5, 0.0, 2.25, 0.75, 3.0, 1.0, 2.25, 4.5, 3.0, 1.3125, 3.75, 0.75, 1.5, 0.0, 0.0, 1.5, 0.0, 7.5, 1.5, 1.5, 0.0, 1.5, 0.0, 0.0, 0.0]
-6.8488809925 : [0.4375, 1.3125, 0.0, 4.5, 1.5, 0.0, 2.25, 0.75, 3.0, 1.0, -0.75, 1.5, -3.0, 1.3125, 3.75, 0.75, 1.5, 0.0, 0.0, 1.5, 0.0, 7.5, 1.5, 1.5, 0.0, 1.5, 0.0, 0.0, 0.0]
-6.85088977 : [0.4375, 1.3125, 0.0, 4.5, 1.5, 0.0, 2.25, 0.75, 3.0, 1.0, 0.75, 2.5, 1.0, 1.3125, 3.75, 0.75, 1.5, 0.0, 0.0, 1.5, 0.0, 7.5, 1.5, 1.5, 0.0, 1.5, 0.0, 0.0, 0.0]
-6.839853893125 : [0.4375, 1.3125, 0.0, 4.5, 1.5, 0.0, 2.25, 0.75, 3.0, 1.0, 0.75, 1.5, 3.0, 1.3125, 3.75, 0.75, 1.5, 0.0, 0.0, 1.5, 0.0, 7.5, 1.5, 1.5, 0.0, 1.5, 0.0, 0.0, 0.0]
-6.552128841111111 : [0.3888888888888889, 1.7407407407407407, 1.1851851851851851, 3.6666666666666665, 2.0, 0.3333333333333333, 1.7407407407407407, 1.1851851851851851, 2.3703703703703702, 1.4814814814814814, 1.3703703703703705, 2.925925925925926, 2.0, 1.3703703703703705, 2.611111111111111, 1.0555555555555556, 1.7407407407407407, 0.25925925925925924, 0.3148148148148148, 1.7407407407407407, 0.018518518518518517, 5.351851851851852, 1.9814814814814814, 1.6111111111111112, 0.3888888888888889, 1.7592592592592593, 0.24074074074074073, 0.05555555555555555, 0.6111111111111112]
-6.5074557146296295 : [0.3888888888888889, 1.7407407407407407, 1.1851851851851851, 3.6666666666666665, 2.0, 0.3333333333333333, 1.7407407407407407, 1.1851851851851851, 2.3703703703703702, 1.4814814814814814, 0.1111111111111111, 1.0740740740740742, 0.6666666666666666, 0.1111111111111111, 2.611111111111111, 1.0555555555555556, 1.7407407407407407, 0.25925925925925924, 0.3148148148148148, 1.7407407407407407, 0.018518518518518517, 5.351851851851852, 1.9814814814814814, 1.6111111111111112, 0.3888888888888889, 1.7592592592592593, 0.24074074074074073, 0.05555555555555555, 0.6111111111111112]
-6.552752934074074 : [0.3888888888888889, 1.7407407407407407, 1.1851851851851851, 3.6666666666666665, 2.0, 0.3333333333333333, 1.7407407407407407, 1.1851851851851851, 2.3703703703703702, 1.4814814814814814, -0.48148148148148145, 1.0740740740740742, -0.07407407407407407, -0.48148148148148145, 2.611111111111111, 1.0555555555555556, 1.7407407407407407, 0.25925925925925924, 0.3148148148148148, 1.7407407407407407, 0.018518518518518517, 5.351851851851852, 1.9814814814814814, 1.6111111111111112, 0.3888888888888889, 1.7592592592592593, 0.24074074074074073, 0.05555555555555555, 0.6111111111111112]
-6.5551390905555555 : [0.3888888888888889, 1.7407407407407407, 1.1851851851851851, 3.6666666666666665, 2.0, 0.3333333333333333, 1.7407407407407407, 1.1851851851851851, 2.3703703703703702, 1.4814814814814814, 1.7407407407407407, 3.6666666666666665, 2.3703703703703702, 1.7407407407407407, 2.611111111111111, 1.0555555555555556, 1.7407407407407407, 0.25925925925925924, 0.3148148148148148, 1.7407407407407407, 0.018518518518518517, 5.351851851851852, 1.9814814814814814, 1.6111111111111112, 0.3888888888888889, 1.7592592592592593, 0.24074074074074073, 0.05555555555555555, 0.6111111111111112]
-7.252736525925926 : [0.5, 3.0, 0.0, 6.0, 0.0, 0.0, 3.0, 0.0, 4.0, 0.0, 2.5555555555555554, 5.111111111111111, 3.4074074074074074, 2.5555555555555554, 6.0, 0.0, 0.0, 0.0, 0.0, 0.0, 0.0, 12.0, 0.0, 0.0, 0.0, 0.0, 0.0, 0.0, 0.0]
-7.2602366655555555 : [0.5, 3.0, 0.0, 6.0, 0.0, 0.0, 3.0, 0.0, 4.0, 0.0, -0.4074074074074074, 0.9629629629629629, -0.14814814814814814, -0.4074074074074074, 6.0, 0.0, 0.0, 0.0, 0.0, 0.0, 0.0, 12.0, 0.0, 0.0, 0.0, 0.0, 0.0, 0.0, 0.0]
-7.255845377407407 : [0.5, 3.0, 0.0, 6.0, 0.0, 0.0, 3.0, 0.0, 4.0, 0.0, 3.0, 6.0, 4.0, 3.0, 6.0, 0.0, 0.0, 0.0, 0.0, 0.0, 0.0, 12.0, 0.0, 0.0, 0.0, 0.0, 0.0, 0.0, 0.0]
-5.7390453709259255 : [0.25925925925925924, 0.7777777777777778, 1.5555555555555556, 1.6296296296296295, 2.962962962962963, 1.4074074074074074, 0.7777777777777778, 1.5555555555555556, 0.9629629629629629, 2.2222222222222223, 0.7777777777777778, 1.6296296296296295, 0.9629629629629629, 0.7777777777777778, 0.8148148148148148, 0.8148148148148148, 1.4814814814814814, 1.4814814814814814, 0.8148148148148148, 1.4814814814814814, 0.5925925925925926, 1.5, 1.7592592592592593, 1.6111111111111112, 1.3518518518518519, 1.3888888888888888, 1.5740740740740742, 1.0925925925925926, 1.7222222222222223]
-5.73813414037037 : [0.25925925925925924, 0.7777777777777778, 1.5555555555555556, 1.6296296296296295, 2.962962962962963, 1.4074074074074074, 0.7777777777777778, 1.5555555555555556, 0.9629629629629629, 2.2222222222222223, 0.48148148148148145, 1.3333333333333333, 0.5925925925925926, 0.48148148148148145, 0.8148148148148148, 0.8148148148148148, 1.4814814814814814, 1.4814814814814814, 0.8148148148148148, 1.4814814814814814, 0.5925925925925926, 1.5, 1.7592592592592593, 1.6111111111111112, 1.3518518518518519, 1.3888888888888888, 1.5740740740740742, 1.0925925925925926, 1.7222222222222223]
-5.734887056296297 : [0.25925925925925924, 0.7777777777777778, 1.5555555555555556, 1.6296296296296295, 2.962962962962963, 1.4074074074074074, 0.7777777777777778, 1.5555555555555556, 0.9629629629629629, 2.2222222222222223, 0.4074074074074074, 0.7407407407407407, 0.4444444444444444, 0.4074074074074074, 0.8148148148148148, 0.8148148148148148, 1.4814814814814814, 1.4814814814814814, 0.8148148148148148, 1.4814814814814814, 0.5925925925925926, 1.5, 1.7592592592592593, 1.6111111111111112, 1.3518518518518519, 1.3888888888888888, 1.5740740740740742, 1.0925925925925926, 1.7222222222222223]
-5.734947220740741 : [0.25925925925925924, 0.7777777777777778, 1.5555555555555556, 1.6296296296296295, 2.962962962962963, 1.4074074074074074, 0.7777777777777778, 1.5555555555555556, 0.9629629629629629, 2.2222222222222223, 0.48148148148148145, 0.2962962962962963, 0.14814814814814814, 0.48148148148148145, 0.8148148148148148, 0.8148148148148148, 1.4814814814814814, 1.4814814814814814, 0.8148148148148148, 1.4814814814814814, 0.5925925925925926, 1.5, 1.7592592592592593, 1.6111111111111112, 1.3518518518518519, 1.3888888888888888, 1.5740740740740742, 1.0925925925925926, 1.7222222222222223]
-5.732259543703703 : [0.25925925925925924, 0.7777777777777778, 1.5555555555555556, 1.6296296296296295, 2.962962962962963, 1.4074074074074074, 0.7777777777777778, 1.5555555555555556, 0.9629629629629629, 2.2222222222222223, 0.1111111111111111, 0.2222222222222222, 0.07407407407407407, 0.1111111111111111, 0.8148148148148148, 0.8148148148148148, 1.4814814814814814, 1.4814814814814814, 0.8148148148148148, 1.4814814814814814, 0.5925925925925926, 1.5, 1.7592592592592593, 1.6111111111111112, 1.3518518518518519, 1.3888888888888888, 1.5740740740740742, 1.0925925925925926, 1.7222222222222223]
-5.7336827816666665 : [0.25925925925925924, 0.7777777777777778, 1.5555555555555556, 1.6296296296296295, 2.962962962962963, 1.4074074074074074, 0.7777777777777778, 1.5555555555555556, 0.9629629629629629, 2.2222222222222223, 0.25925925925925924, 0.2222222222222222, -0.07407407407407407, 0.25925925925925924, 0.8148148148148148, 0.8148148148148148, 1.4814814814814814, 1.4814814814814814, 0.8148148148148148, 1.4814814814814814, 0.5925925925925926, 1.5, 1.7592592592592593, 1.6111111111111112, 1.3518518518518519, 1.3888888888888888, 1.5740740740740742, 1.0925925925925926, 1.7222222222222223]
-5.740665298333334 : [0.25925925925925924, 0.8518518518518519, 1.4074074074074074, 1.5555555555555556, 3.111111111111111, 1.3333333333333333, 0.8518518518518519, 1.4074074074074074, 0.9629629629629629, 2.2222222222222223, 0.8518518518518519, 1.5555555555555556, 0.9629629629629629, 0.8518518518518519, 0.8518518518518519, 0.7037037037037037, 1.7037037037037037, 1.4074074074074074, 0.5555555555555556, 1.7037037037037037, 0.7777777777777778, 1.5555555555555556, 1.5555555555555556, 1.8518518518518519, 1.2592592592592593, 1.3333333333333333, 1.7777777777777777, 1.1851851851851851, 1.4814814814814814]
-5.739034112037037 : [0.25925925925925924, 0.8518518518518519, 1.4074074074074074, 1.5555555555555556, 3.111111111111111, 1.3333333333333333, 0.8518518518518519, 1.4074074074074074, 0.9629629629629629, 2.2222222222222223, 0.7777777777777778, 1.1111111111111112, 0.5185185185185185, 0.7777777777777778, 0.8518518518518519, 0.7037037037037037, 1.7037037037037037, 1.4074074074074074, 0.5555555555555556, 1.7037037037037037, 0.7777777777777778, 1.5555555555555556, 1.5555555555555556, 1.8518518518518519, 1.2592592592592593, 1.3333333333333333, 1.7777777777777777, 1.1851851851851851, 1.4814814814814814]
-5.736423943703704 : [0.25925925925925924, 0.8518518518518519, 1.4074074074074074, 1.5555555555555556, 3.111111111111111, 1.3333333333333333, 0.8518518518518519, 1.4074074074074074, 0.9629629629629629, 2.2222222222222223, 0.6296296296296297, 0.6666666666666666, 0.2962962962962963, 0.6296296296296297, 0.8518518518518519, 0.7037037037037037, 1.7037037037037037, 1.4074074074074074, 0.5555555555555556, 1.7037037037037037, 0.7777777777777778, 1.5555555555555556, 1.5555555555555556, 1.8518518518518519, 1.2592592592592593, 1.3333333333333333, 1.7777777777777777, 1.1851851851851851, 1.4814814814814814]
-5.73453401962963 : [0.25925925925925924, 0.8518518518518519, 1.4074074074074074, 1.5555555555555556, 3.111111111111111, 1.3333333333333333, 0.8518518518518519, 1.4074074074074074, 0.9629629629629629, 2.2222222222222223, 0.037037037037037035, 0.6666666666666666, 0.2222222222222222, 0.037037037037037035, 0.8518518518518519, 0.7037037037037037, 1.7037037037037037, 1.4074074074074074, 0.5555555555555556, 1.7037037037037037, 0.7777777777777778, 1.5555555555555556, 1.5555555555555556, 1.8518518518518519, 1.2592592592592593, 1.3333333333333333, 1.7777777777777777, 1.1851851851851851, 1.4814814814814814]


#### Random Forest #### 

#### LASSO #### 
k-folds cross validation
alpha: 0.000533
avg rmse:  0.0153
score:  0.9984
non-zero coefficient:  7.0000
Intercept: -4.295806464687189

 Clusters 
[1]:[0]:0:-5.619678797762944
[1, 1]:[0.7071067811865476]:0:-0.0003603688704510602
[1, 1]:[0.7071067811865476]:1:-0.0014058271805469772
[1, 1]:[0.8660254037844386]:1:-0.0029766531518383215
[1, 1, 1]:[0.7071067811865476, 0.5, 0.5]:0:-0.021454592798196982
[1, 2, 2]:[0.7071067811865476, 0.5, 0.8660254037844386]:0:0.017123238836993383
[2, 1, 2]:[0.7071067811865476, 0.5, 0.8660254037844386]:0:0.007465071589240275


### RIDGE ### 
k-folds cross validation
alpha: 0.070851
avg rmse:  0.0592
score:  0.9985
non-zero coefficient: 29.0000

 Clusters
[1]:[0]:0:-0.5279531617519578
[1, 1]:[1.0]:0:-0.014147656642797346
[1, 2]:[1.0]:0:0.0029244863963917215
[1, 1]:[0.7071067811865476]:0:-0.02824549660476339
[1, 2]:[0.7071067811865476]:0:0.02669873749801112
[2, 2]:[0.7071067811865476]:0:0.05582311784792389
[1, 1]:[0.5]:0:-0.05095353369561663
[1, 2]:[0.5]:0:0.04997876981007788
[1, 1]:[0.8660254037844386]:0:-0.03275413027854454
[1, 2]:[0.8660254037844386]:0:0.018022919478074193
[1, 1]:[0.5]:1:0.005785382000687276
[1, 1]:[0.7071067811865476]:1:-0.004585031414090971
[1, 1]:[0.8660254037844386]:1:-0.00627478856271252
[1, 1]:[1.0]:1:-0.0018698524595301513
[1, 1, 1]:[0.7071067811865476, 0.5, 0.5]:0:-0.021124713785179185
[1, 1, 2]:[0.7071067811865476, 0.5, 0.5]:0:0.022048805723148792
[1, 2, 1]:[0.7071067811865476, 0.5, 0.5]:0:0.011399150458310204
[1, 2, 2]:[0.7071067811865476, 0.5, 0.5]:0:0.06655537222516972
[2, 2, 1]:[0.7071067811865476, 0.5, 0.5]:0:0.05221693620288105
[2, 1, 1]:[0.7071067811865476, 0.5, 0.5]:0:0.011399150458310204
[2, 2, 2]:[0.7071067811865476, 0.5, 0.5]:0:0.11317996496363827
[1, 1, 1]:[0.7071067811865476, 0.5, 0.8660254037844386]:0:-0.009896852948494947
[1, 1, 2]:[0.7071067811865476, 0.5, 0.8660254037844386]:0:0.001984351729276959
[1, 2, 1]:[0.7071067811865476, 0.5, 0.8660254037844386]:0:-0.013228028441013418
[1, 2, 2]:[0.7071067811865476, 0.5, 0.8660254037844386]:0:0.04286599275201323
[2, 1, 1]:[0.7071067811865476, 0.5, 0.8660254037844386]:0:0.013709301500641114
[2, 1, 2]:[0.7071067811865476, 0.5, 0.8660254037844386]:0:0.05448165778079785
[2, 2, 2]:[0.7071067811865476, 0.5, 0.8660254037844386]:0:0.06597141383409554
[2, 2, 1]:[0.7071067811865476, 0.5, 0.8660254037844386]:0:0.02330266979000699

 #### Lin Reg #### 
No cross validation
score:  0.9985
non-zero coefficient: 29.0000
Intercept: 739334039298.2587

Clusters
[1]:[0]:0:-10703103075006.662
[1, 1]:[1.0]:0:-0.004067650149292079
[1, 2]:[1.0]:0:-0.001306522676420784
[1, 1]:[0.7071067811865476]:0:143187994011.70297
[1, 2]:[0.7071067811865476]:0:-139240680613.78296
[2, 2]:[0.7071067811865476]:0:2188273353.571906
[1, 1]:[0.5]:0:-279514093967.56116
[1, 2]:[0.5]:0:56698069563.029335
[1, 1]:[0.8660254037844386]:0:301698118692.0946
[1, 2]:[0.8660254037844386]:0:480449517996.80383
[1, 1]:[0.5]:1:0.007743713561752137
[1, 1]:[0.7071067811865476]:1:-0.004157170895082855
[1, 1]:[0.8660254037844386]:1:-0.0077227808321247305
[1, 1]:[1.0]:1:0.0007084551293146913
[1, 1, 1]:[0.7071067811865476, 0.5, 0.5]:0:304185713959.30884
[1, 1, 2]:[0.7071067811865476, 0.5, 0.5]:0:-506982046988.00214
[1, 2, 1]:[0.7071067811865476, 0.5, 0.5]:0:347074908292.9455
[1, 2, 2]:[0.7071067811865476, 0.5, 0.5]:0:-30151849602.55485
[2, 2, 1]:[0.7071067811865476, 0.5, 0.5]:0:115999483951.38968
[2, 1, 1]:[0.7071067811865476, 0.5, 0.5]:0:347074908292.9455
[2, 2, 2]:[0.7071067811865476, 0.5, 0.5]:0:-521436087478.18555
[1, 1, 1]:[0.7071067811865476, 0.5, 0.8660254037844386]:0:129977088125.50731
[1, 1, 2]:[0.7071067811865476, 0.5, 0.8660254037844386]:0:2701339793.319182
[1, 2, 1]:[0.7071067811865476, 0.5, 0.8660254037844386]:0:-224596907829.20316
[1, 2, 2]:[0.7071067811865476, 0.5, 0.8660254037844386]:0:-132139017060.85864
[2, 1, 1]:[0.7071067811865476, 0.5, 0.8660254037844386]:0:176638975458.1778
[2, 1, 2]:[0.7071067811865476, 0.5, 0.8660254037844386]:0:60724690640.53316
[2, 2, 2]:[0.7071067811865476, 0.5, 0.8660254037844386]:0:198012737120.40784
[2, 2, 1]:[0.7071067811865476, 0.5, 0.8660254037844386]:0:94193382837.58623

