# Ni Mn In
[8, 6, 2]                \16_data\16_data_isif2_\862\A_0\run -103.32086836            aust                     [5.981349758823976, 5.981349758823976, 5.981349758823976]
	0                0                1.0              0.25             0.25             0.25
	1                0                1.0              0.25             0.25             0.75
	2                0                1.0              0.25             0.75             0.25
	3                0                1.0              0.25             0.75             0.75
	4                0                1.0              0.75             0.25             0.25
	5                0                1.0              0.75             0.25             0.75
	6                0                1.0              0.75             0.75             0.25
	7                0                1.0              0.75             0.75             0.75
	8                1                1.0              0.0              0.5              0.5
	9                1                1.0              0.0              0.5              0.0
	10               1                1.0              0.5              0.0              0.0
	11               1                1.0              0.5              0.0              0.5
	12               1                1.0              0.5              0.5              0.5
	13               1                1.0              0.5              0.5              0.0
	14               2                0                0.0              0.0              0.0
	15               2                0                0.0              0.0              0.5
# Ni Mn In
[8, 6, 2]                \16_data\16_data_isif2_\862\A_1\run -103.27337259            aust                     [5.973061282917877, 5.973061282917877, 5.973061282917877]
	0                0                1.0              0.25             0.25             0.25
	1                0                1.0              0.25             0.25             0.75
	2                0                1.0              0.25             0.75             0.25
	3                0                1.0              0.25             0.75             0.75
	4                0                1.0              0.75             0.25             0.25
	5                0                1.0              0.75             0.25             0.75
	6                0                1.0              0.75             0.75             0.25
	7                0                1.0              0.75             0.75             0.75
	8                1                -1.0             -0.0             0.5              0.5
	9                1                1.0              -0.0             0.5              0.0
	10               1                1.0              0.5              0.0              0.0
	11               1                1.0              0.5              0.0              0.5
	12               1                1.0              0.5              0.5              0.5
	13               1                1.0              0.5              0.5              0.0
	14               2                0                -0.0             0.0              0.0
	15               2                0                -0.0             0.0              0.5
# Ni Mn In
[8, 6, 2]                \16_data\16_data_isif2_\862\A_10\run -103.09344151            aust                     [5.965969039939432, 5.965969039939432, 5.965969039939432]
	0                0                1                0.25             0.25             0.25
	1                0                1                0.25             0.25             0.75
	2                0                1                0.25             0.75             0.25
	3                0                1                0.25             0.75             0.75
	4                0                1                0.75             0.25             0.25
	5                0                1                0.75             0.25             0.75
	6                0                1                0.75             0.75             0.25
	7                0                1                0.75             0.75             0.75
	8                1                -1.0             0.0              0.5              0.5
	9                1                -1.0             0.0              0.5              0.0
	10               1                1.0              0.5              0.0              0.0
	11               1                1.0              0.5              0.0              0.5
	12               1                -1.0             0.5              0.5              0.5
	13               1                1.0              0.5              0.5              0.0
	14               2                0                0.0              0.0              0.0
	15               2                0                0.0              0.0              0.5
# Ni Mn In
[8, 6, 2]                \16_data\16_data_isif2_\862\A_11\run -103.24574385            aust                     [5.966705547550135, 5.966705547550135, 5.966705547550135]
	0                0                -1.0             0.25             0.25             0.25
	1                0                1.0              0.25             0.25             0.75
	2                0                0                0.25             0.75             0.25
	3                0                0                0.25             0.75             0.75
	4                0                0                0.75             0.25             0.25
	5                0                0                0.75             0.25             0.75
	6                0                1.0              0.75             0.75             0.25
	7                0                -1.0             0.75             0.75             0.75
	8                1                1.0              0.0              0.5              0.5
	9                1                -1.0             0.0              0.5              0.0
	10               1                -1.0             0.5              0.0              0.0
	11               1                1.0              0.5              0.0              0.5
	12               1                1.0              0.5              0.5              0.5
	13               1                -1.0             0.5              0.5              0.0
	14               2                0                0.0              0.0              0.0
	15               2                0                0.0              0.0              0.5
# Ni Mn In
[8, 6, 2]                \16_data\16_data_isif2_\862\A_12\run -103.12191647            aust                     [5.954375046016656, 5.954375046016656, 5.954375046016656]
	0                0                1.0              0.25             0.25             0.25
	1                0                -1.0             0.25             0.25             0.75
	2                0                0                0.25             0.75             0.25
	3                0                0                0.25             0.75             0.75
	4                0                0                0.75             0.25             0.25
	5                0                0                0.75             0.25             0.75
	6                0                -1.0             0.75             0.75             0.25
	7                0                1.0              0.75             0.75             0.75
	8                1                1.0              0.0              0.5              0.5
	9                1                -1.0             0.0              0.5              0.0
	10               1                -1.0             0.5              0.0              0.0
	11               1                1.0              0.5              0.0              0.5
	12               1                -1.0             0.5              0.5              0.5
	13               1                1.0              0.5              0.5              0.0
	14               2                0                0.0              0.0              0.0
	15               2                0                0.0              0.0              0.5
# Ni Mn In
[8, 6, 2]                \16_data\16_data_isif2_\862\A_2\run -103.27348106            aust                     [5.972917778285266, 5.972917778285266, 5.972917778285266]
	0                0                1.0              0.25             0.25             0.25
	1                0                1.0              0.25             0.25             0.75
	2                0                1.0              0.25             0.75             0.25
	3                0                1.0              0.25             0.75             0.75
	4                0                1.0              0.75             0.25             0.25
	5                0                1.0              0.75             0.25             0.75
	6                0                1.0              0.75             0.75             0.25
	7                0                1.0              0.75             0.75             0.75
	8                1                1.0              0.0              0.5              0.5
	9                1                1.0              0.0              0.5              0.0
	10               1                -1.0             0.5              0.0              0.0
	11               1                1.0              0.5              0.0              0.5
	12               1                1.0              0.5              0.5              0.5
	13               1                1.0              0.5              0.5              0.0
	14               2                0                0.0              0.0              0.0
	15               2                0                0.0              0.0              0.5
# Ni Mn In
[8, 6, 2]                \16_data\16_data_isif2_\862\A_3\run -103.18774507            aust                     [5.96894092842504, 5.96894092842504, 5.96894092842504]
	0                0                1.0              0.25             0.25             0.25
	1                0                1.0              0.25             0.25             0.75
	2                0                1.0              0.25             0.75             0.25
	3                0                1.0              0.25             0.75             0.75
	4                0                1.0              0.75             0.25             0.25
	5                0                1.0              0.75             0.25             0.75
	6                0                1.0              0.75             0.75             0.25
	7                0                1.0              0.75             0.75             0.75
	8                1                -1.0             0.0              0.5              0.5
	9                1                -1.0             0.0              0.5              0.0
	10               1                1.0              0.5              0.0              0.0
	11               1                1.0              0.5              0.0              0.5
	12               1                1.0              0.5              0.5              0.5
	13               1                1.0              0.5              0.5              0.0
	14               2                0                0.0              0.0              0.0
	15               2                0                0.0              0.0              0.5
# Ni Mn In
[8, 6, 2]                \16_data\16_data_isif2_\862\A_4\run -103.29029535            aust                     [5.9641564134696265, 5.9641564134696265, 5.9641564134696265]
	0                0                1.0              0.25             0.25             0.25
	1                0                1.0              0.25             0.25             0.75
	2                0                1.0              0.25             0.75             0.25
	3                0                1.0              0.25             0.75             0.75
	4                0                1.0              0.75             0.25             0.25
	5                0                1.0              0.75             0.25             0.75
	6                0                1.0              0.75             0.75             0.25
	7                0                1.0              0.75             0.75             0.75
	8                1                1.0              0.0              0.5              0.5
	9                1                -1.0             0.0              0.5              -0.0
	10               1                -1.0             0.5              0.0              -0.0
	11               1                1.0              0.5              0.0              0.5
	12               1                1.0              0.5              0.5              0.5
	13               1                1.0              0.5              0.5              -0.0
	14               2                0                0.0              0.0              -0.0
	15               2                0                0.0              0.0              0.5
# Ni Mn In
[8, 6, 2]                \16_data\16_data_isif2_\862\A_5\run -103.24034009            aust                     [5.964097188935619, 5.964097188935619, 5.964097188935619]
	0                0                1.0              0.25             0.25             0.25
	1                0                1.0              0.25             0.25             0.75
	2                0                1.0              0.25             0.75             0.25
	3                0                1.0              0.25             0.75             0.75
	4                0                1.0              0.75             0.25             0.25
	5                0                1.0              0.75             0.25             0.75
	6                0                1.0              0.75             0.75             0.25
	7                0                1.0              0.75             0.75             0.75
	8                1                1.0              0.0              0.5              0.5
	9                1                -1.0             0.0              0.5              0.0
	10               1                1.0              0.5              0.0              0.0
	11               1                -1.0             0.5              0.0              0.5
	12               1                1.0              0.5              0.5              0.5
	13               1                1.0              0.5              0.5              0.0
	14               2                0                0.0              0.0              0.0
	15               2                0                0.0              0.0              0.5
# Ni Mn In
[8, 6, 2]                \16_data\16_data_isif2_\862\A_6\run -103.15335386            aust                     [5.961695053949512, 5.961695053949512, 5.961695053949512]
	0                0                1.0              0.25             0.25             0.25
	1                0                1.0              0.25             0.25             0.75
	2                0                1.0              0.25             0.75             0.25
	3                0                1.0              0.25             0.75             0.75
	4                0                1.0              0.75             0.25             0.25
	5                0                1.0              0.75             0.25             0.75
	6                0                1.0              0.75             0.75             0.25
	7                0                1.0              0.75             0.75             0.75
	8                1                1.0              0.0              0.5              0.5
	9                1                -1.0             0.0              0.5              0.0
	10               1                1.0              0.5              0.0              0.0
	11               1                1.0              0.5              0.0              0.5
	12               1                -1.0             0.5              0.5              0.5
	13               1                1.0              0.5              0.5              0.0
	14               2                0                0.0              0.0              0.0
	15               2                0                0.0              0.0              0.5
# Ni Mn In
[8, 6, 2]                \16_data\16_data_isif2_\862\A_7\run -103.18427503            aust                     [5.967299488637929, 5.967299488637929, 5.967299488637929]
	0                0                1.0              0.25             0.25             0.25
	1                0                1.0              0.25             0.25             0.75
	2                0                1.0              0.25             0.75             0.25
	3                0                1.0              0.25             0.75             0.75
	4                0                1.0              0.75             0.25             0.25
	5                0                1.0              0.75             0.25             0.75
	6                0                1.0              0.75             0.75             0.25
	7                0                1.0              0.75             0.75             0.75
	8                1                1.0              0.0              0.5              0.5
	9                1                -1.0             0.0              0.5              0.0
	10               1                1.0              0.5              0.0              0.0
	11               1                1.0              0.5              0.0              0.5
	12               1                1.0              0.5              0.5              0.5
	13               1                -1.0             0.5              0.5              0.0
	14               2                0                0.0              0.0              0.0
	15               2                0                0.0              0.0              0.5
# Ni Mn In
[8, 6, 2]                \16_data\16_data_isif2_\862\A_8\run -103.19631572            aust                     [5.964426030937038, 5.964426030937038, 5.964426030937038]
	0                0                1.0              0.25             0.25             0.25
	1                0                1.0              0.25             0.25             0.75
	2                0                1.0              0.25             0.75             0.25
	3                0                1.0              0.25             0.75             0.75
	4                0                1.0              0.75             0.25             0.25
	5                0                1.0              0.75             0.25             0.75
	6                0                1.0              0.75             0.75             0.25
	7                0                1.0              0.75             0.75             0.75
	8                1                1.0              0.0              0.5              0.5
	9                1                1.0              0.0              0.5              0.0
	10               1                1.0              0.5              0.0              0.0
	11               1                1.0              0.5              0.0              0.5
	12               1                -1.0             0.5              0.5              0.5
	13               1                -1.0             0.5              0.5              0.0
	14               2                0                0.0              0.0              0.0
	15               2                0                0.0              0.0              0.5
# Ni Mn In
[8, 6, 2]                \16_data\16_data_isif2_\862\A_9\run -103.27280942            aust                     [5.961918110121823, 5.961918110121823, 5.961918110121823]
	0                0                1.0              0.25             0.25             0.25
	1                0                1.0              0.25             0.25             0.75
	2                0                1.0              0.25             0.75             0.25
	3                0                1.0              0.25             0.75             0.75
	4                0                1.0              0.75             0.25             0.25
	5                0                1.0              0.75             0.25             0.75
	6                0                1.0              0.75             0.75             0.25
	7                0                1.0              0.75             0.75             0.75
	8                1                -1.0             0.0              0.5              0.5
	9                1                -1.0             0.0              0.5              0.0
	10               1                -1.0             0.5              0.0              0.0
	11               1                1.0              0.5              0.0              0.5
	12               1                1.0              0.5              0.5              0.5
	13               1                1.0              0.5              0.5              0.0
	14               2                0                0.0              0.0              0.0
	15               2                0                0.0              0.0              0.5
# Ni Mn In
[8, 6, 2]                \16_data\16_data_isif2_\862\B_0\run -103.53152928            aust                     [5.969171073805078, 5.969171073805078, 5.969171073805078]
	0                0                1.0              0.25             0.25             0.25
	1                0                1.0              0.25             0.25             0.75
	2                0                1.0              0.25             0.75             0.25
	3                0                1.0              0.25             0.75             0.75
	4                0                1.0              0.75             0.25             0.25
	5                0                1.0              0.75             0.25             0.75
	6                0                1.0              0.75             0.75             0.25
	7                0                1.0              0.75             0.75             0.75
	8                1                1.0              0.0              0.0              0.5
	9                1                1.0              0.0              0.5              0.0
	10               1                1.0              0.5              0.0              0.0
	11               1                1.0              0.5              0.0              0.5
	12               1                1.0              0.5              0.5              0.5
	13               1                1.0              0.5              0.5              0.0
	14               2                0                0.0              0.0              0.0
	15               2                0                0.0              0.5              0.5
# Ni Mn In
[8, 6, 2]                \16_data\16_data_isif2_\862\B_1\run -103.36031023            aust                     [5.964912034326287, 5.964912034326287, 5.964912034326287]
	0                0                1.0              0.25             0.25             0.25
	1                0                1.0              0.25             0.25             0.75
	2                0                1.0              0.25             0.75             0.25
	3                0                1.0              0.25             0.75             0.75
	4                0                1.0              0.75             0.25             0.25
	5                0                1.0              0.75             0.25             0.75
	6                0                1.0              0.75             0.75             0.25
	7                0                1.0              0.75             0.75             0.75
	8                1                -1.0             0.0              0.0              0.5
	9                1                1.0              0.0              0.5              0.0
	10               1                1.0              0.5              0.0              0.0
	11               1                1.0              0.5              0.0              0.5
	12               1                1.0              0.5              0.5              0.5
	13               1                1.0              0.5              0.5              0.0
	14               2                0                0.0              0.0              0.0
	15               2                0                0.0              0.5              0.5
# Ni Mn In
[8, 6, 2]                \16_data\16_data_isif2_\862\B_10\run -103.37203046            aust                     [5.945539524266811, 5.945539524266811, 5.945539524266811]
	0                0                1.0              0.25             0.25             0.25
	1                0                1.0              0.25             0.25             0.75
	2                0                1.0              0.25             0.75             0.25
	3                0                1.0              0.25             0.75             0.75
	4                0                1.0              0.75             0.25             0.25
	5                0                1.0              0.75             0.25             0.75
	6                0                1.0              0.75             0.75             0.25
	7                0                1.0              0.75             0.75             0.75
	8                1                1.0              0.0              0.0              0.5
	9                1                1.0              0.0              0.5              0.0
	10               1                1.0              0.5              0.0              0.0
	11               1                -1.0             0.5              0.0              0.5
	12               1                1.0              0.5              0.5              0.5
	13               1                -1.0             0.5              0.5              0.0
	14               2                0                0.0              0.0              0.0
	15               2                0                0.0              0.5              0.5
# Ni Mn In
[8, 6, 2]                \16_data\16_data_isif2_\862\B_11\run -103.36534833            aust                     [5.9531934983784565, 5.9531934983784565, 5.9531934983784565]
	0                0                1.0              0.25             0.25             0.25
	1                0                1.0              0.25             0.25             0.75
	2                0                1.0              0.25             0.75             0.25
	3                0                1.0              0.25             0.75             0.75
	4                0                1.0              0.75             0.25             0.25
	5                0                1.0              0.75             0.25             0.75
	6                0                1.0              0.75             0.75             0.25
	7                0                1.0              0.75             0.75             0.75
	8                1                -1.0             0.0              0.0              0.5
	9                1                -1.0             0.0              0.5              0.0
	10               1                -1.0             0.5              0.0              0.0
	11               1                1.0              0.5              0.0              0.5
	12               1                1.0              0.5              0.5              0.5
	13               1                1.0              0.5              0.5              0.0
	14               2                0                0.0              0.0              0.0
	15               2                0                0.0              0.5              0.5
# Ni Mn In
[8, 6, 2]                \16_data\16_data_isif2_\862\B_12\run -103.28867817            aust                     [5.95448319120251, 5.95448319120251, 5.95448319120251]
	0                0                0                0.25             0.25             0.25
	1                0                1.0              0.25             0.25             0.75
	2                0                1.0              0.25             0.75             0.25
	3                0                1.0              0.25             0.75             0.75
	4                0                1.0              0.75             0.25             0.25
	5                0                1.0              0.75             0.25             0.75
	6                0                1.0              0.75             0.75             0.25
	7                0                0                0.75             0.75             0.75
	8                1                -1.0             0.0              0.0              0.5
	9                1                -1.0             0.0              0.5              0.0
	10               1                1.0              0.5              0.0              0.0
	11               1                -1.0             0.5              0.0              0.5
	12               1                1.0              0.5              0.5              0.5
	13               1                1.0              0.5              0.5              0.0
	14               2                0                0.0              0.0              0.0
	15               2                0                0.0              0.5              0.5
# Ni Mn In
[8, 6, 2]                \16_data\16_data_isif2_\862\B_13\run -103.24924534            aust                     [5.95877907133377, 5.95877907133377, 5.95877907133377]
	0                0                1                0.25             0.25             0.25
	1                0                1                0.25             0.25             0.75
	2                0                1                0.25             0.75             0.25
	3                0                1                0.25             0.75             0.75
	4                0                1                0.75             0.25             0.25
	5                0                1                0.75             0.25             0.75
	6                0                1                0.75             0.75             0.25
	7                0                1                0.75             0.75             0.75
	8                1                -1.0             0.0              0.0              0.5
	9                1                1.0              0.0              0.5              0.0
	10               1                -1.0             0.5              0.0              0.0
	11               1                -1.0             0.5              0.0              0.5
	12               1                1.0              0.5              0.5              0.5
	13               1                1.0              0.5              0.5              0.0
	14               2                0                0.0              0.0              0.0
	15               2                0                0.0              0.5              0.5
# Ni Mn In
[8, 6, 2]                \16_data\16_data_isif2_\862\B_15\run -103.25079204            aust                     [5.948553844262522, 5.948553844262522, 5.948553844262522]
	0                0                -1.0             0.25             0.25             0.25
	1                0                -1.0             0.25             0.25             0.75
	2                0                -1.0             0.25             0.75             0.25
	3                0                -1.0             0.25             0.75             0.75
	4                0                -1.0             0.75             0.25             0.25
	5                0                -1.0             0.75             0.25             0.75
	6                0                -1.0             0.75             0.75             0.25
	7                0                -1.0             0.75             0.75             0.75
	8                1                -1.0             0.0              0.0              0.5
	9                1                1.0              0.0              0.5              0.0
	10               1                1.0              0.5              0.0              0.0
	11               1                -1.0             0.5              0.0              0.5
	12               1                1.0              0.5              0.5              0.5
	13               1                -1.0             0.5              0.5              0.0
	14               2                0                0.0              0.0              0.0
	15               2                0                0.0              0.5              0.5
# Ni Mn In
[8, 6, 2]                \16_data\16_data_isif2_\862\B_17\run -103.36537753            aust                     [5.95306709029042, 5.95306709029042, 5.95306709029042]
	0                0                -1.0             0.25             0.25             0.25
	1                0                -1.0             0.25             0.25             0.75
	2                0                -1.0             0.25             0.75             0.25
	3                0                -1.0             0.25             0.75             0.75
	4                0                -1.0             0.75             0.25             0.25
	5                0                -1.0             0.75             0.25             0.75
	6                0                -1.0             0.75             0.75             0.25
	7                0                -1.0             0.75             0.75             0.75
	8                1                1.0              0.0              0.0              0.5
	9                1                1.0              0.0              0.5              0.0
	10               1                1.0              0.5              0.0              0.0
	11               1                -1.0             0.5              0.0              0.5
	12               1                -1.0             0.5              0.5              0.5
	13               1                -1.0             0.5              0.5              0.0
	14               2                0                0.0              0.0              0.0
	15               2                0                0.0              0.5              0.5
# Ni Mn In
[8, 6, 2]                \16_data\16_data_isif2_\862\B_2\run -103.31714384            aust                     [5.962732308805259, 5.962732308805259, 5.962732308805259]
	0                0                1.0              0.25             0.25             0.25
	1                0                1.0              0.25             0.25             0.75
	2                0                1.0              0.25             0.75             0.25
	3                0                1.0              0.25             0.75             0.75
	4                0                1.0              0.75             0.25             0.25
	5                0                1.0              0.75             0.25             0.75
	6                0                1.0              0.75             0.75             0.25
	7                0                1.0              0.75             0.75             0.75
	8                1                1.0              0.0              -0.0             0.5
	9                1                1.0              0.0              0.5              -0.0
	10               1                -1.0             0.5              -0.0             -0.0
	11               1                1.0              0.5              -0.0             0.5
	12               1                1.0              0.5              0.5              0.5
	13               1                1.0              0.5              0.5              -0.0
	14               2                0                0.0              -0.0             -0.0
	15               2                0                0.0              0.5              0.5
# Ni Mn In
[8, 6, 2]                \16_data\16_data_isif2_\862\B_3\run -103.47142208            aust                     [5.956919078491558, 5.956919078491558, 5.956919078491558]
	0                0                1.0              0.25             0.25             0.25
	1                0                1.0              0.25             0.25             0.75
	2                0                1.0              0.25             0.75             0.25
	3                0                1.0              0.25             0.75             0.75
	4                0                1.0              0.75             0.25             0.25
	5                0                1.0              0.75             0.25             0.75
	6                0                1.0              0.75             0.75             0.25
	7                0                1.0              0.75             0.75             0.75
	8                1                1.0              0.0              0.0              0.5
	9                1                1.0              0.0              0.5              0.0
	10               1                1.0              0.5              0.0              0.0
	11               1                -1.0             0.5              0.0              0.5
	12               1                1.0              0.5              0.5              0.5
	13               1                1.0              0.5              0.5              0.0
	14               2                0                0.0              0.0              0.0
	15               2                0                0.0              0.5              0.5
# Ni Mn In
[8, 6, 2]                \16_data\16_data_isif2_\862\B_4\run -103.36267609            aust                     [5.958931058833026, 5.958931058833026, 5.958931058833026]
	0                0                1.0              0.25             0.25             0.25
	1                0                1.0              0.25             0.25             0.75
	2                0                1.0              0.25             0.75             0.25
	3                0                1.0              0.25             0.75             0.75
	4                0                1.0              0.75             0.25             0.25
	5                0                1.0              0.75             0.25             0.75
	6                0                1.0              0.75             0.75             0.25
	7                0                1.0              0.75             0.75             0.75
	8                1                -1.0             0.0              0.0              0.5
	9                1                -1.0             0.0              0.5              0.0
	10               1                1.0              0.5              0.0              0.0
	11               1                1.0              0.5              0.0              0.5
	12               1                1.0              0.5              0.5              0.5
	13               1                1.0              0.5              0.5              0.0
	14               2                0                0.0              0.0              0.0
	15               2                0                0.0              0.5              0.5
# Ni Mn In
[8, 6, 2]                \16_data\16_data_isif2_\862\B_5\run -103.28182689            aust                     [5.955826966324093, 5.955826966324093, 5.955826966324093]
	0                0                1.0              0.25             0.25             0.25
	1                0                1.0              0.25             0.25             0.75
	2                0                1.0              0.25             0.75             0.25
	3                0                1.0              0.25             0.75             0.75
	4                0                1.0              0.75             0.25             0.25
	5                0                1.0              0.75             0.25             0.75
	6                0                1.0              0.75             0.75             0.25
	7                0                1.0              0.75             0.75             0.75
	8                1                -1.0             0.0              0.0              0.5
	9                1                1.0              0.0              0.5              0.0
	10               1                -1.0             0.5              0.0              0.0
	11               1                1.0              0.5              0.0              0.5
	12               1                1.0              0.5              0.5              0.5
	13               1                1.0              0.5              0.5              0.0
	14               2                0                0.0              0.0              0.0
	15               2                0                0.0              0.5              0.5
# Ni Mn In
[8, 6, 2]                \16_data\16_data_isif2_\862\B_6\run -103.22946727            aust                     [5.960626254491644, 5.960626254491644, 5.960626254491644]
	0                0                1.0              0.25             0.25             0.25
	1                0                1.0              0.25             0.25             0.75
	2                0                1.0              0.25             0.75             0.25
	3                0                1.0              0.25             0.75             0.75
	4                0                1.0              0.75             0.25             0.25
	5                0                1.0              0.75             0.25             0.75
	6                0                1.0              0.75             0.75             0.25
	7                0                1.0              0.75             0.75             0.75
	8                1                -1.0             0.0              0.0              0.5
	9                1                1.0              0.0              0.5              0.0
	10               1                1.0              0.5              0.0              0.0
	11               1                -1.0             0.5              0.0              0.5
	12               1                1.0              0.5              0.5              0.5
	13               1                1.0              0.5              0.5              0.0
	14               2                0                0.0              0.0              0.0
	15               2                0                0.0              0.5              0.5
# Ni Mn In
[8, 6, 2]                \16_data\16_data_isif2_\862\B_7\run -103.32629562            aust                     [5.952307941064847, 5.952307941064847, 5.952307941064847]
	0                0                1.0              0.25             0.25             0.25
	1                0                1.0              0.25             0.25             0.75
	2                0                1.0              0.25             0.75             0.25
	3                0                1.0              0.25             0.75             0.75
	4                0                1.0              0.75             0.25             0.25
	5                0                1.0              0.75             0.25             0.75
	6                0                1.0              0.75             0.75             0.25
	7                0                1.0              0.75             0.75             0.75
	8                1                -1.0             0.0              0.0              0.5
	9                1                1.0              0.0              0.5              0.0
	10               1                1.0              0.5              0.0              0.0
	11               1                1.0              0.5              0.0              0.5
	12               1                1.0              0.5              0.5              0.5
	13               1                -1.0             0.5              0.5              0.0
	14               2                0                0.0              0.0              0.0
	15               2                0                0.0              0.5              0.5
# Ni Mn In
[8, 6, 2]                \16_data\16_data_isif2_\862\B_9\run -103.13236063            aust                     [5.95304429386572, 5.95304429386572, 5.95304429386572]
	0                0                1.0              0.25             0.25             0.25
	1                0                1.0              0.25             0.25             0.75
	2                0                1.0              0.25             0.75             0.25
	3                0                1.0              0.25             0.75             0.75
	4                0                1.0              0.75             0.25             0.25
	5                0                1.0              0.75             0.25             0.75
	6                0                1.0              0.75             0.75             0.25
	7                0                1.0              0.75             0.75             0.75
	8                1                1.0              0.0              0.0              0.5
	9                1                1.0              0.0              0.5              0.0
	10               1                -1.0             0.5              0.0              0.0
	11               1                1.0              0.5              0.0              0.5
	12               1                -1.0             0.5              0.5              0.5
	13               1                1.0              0.5              0.5              0.0
	14               2                0                0.0              0.0              0.0
	15               2                0                0.0              0.5              0.5
# Ni Mn In
[8, 6, 2]                \16_data\16_data_isif2_\862\C_0\run -102.94060443            aust                     [5.972326849457318, 5.972326849457318, 5.972326849457318]
	0                0                1.0              0.25             0.25             0.25
	1                0                1.0              0.25             0.25             0.75
	2                0                1.0              0.25             0.75             0.25
	3                0                1.0              0.25             0.75             0.75
	4                0                1.0              0.75             0.25             0.25
	5                0                1.0              0.75             0.25             0.75
	6                0                1.0              0.75             0.75             0.25
	7                0                1.0              0.75             0.75             0.75
	8                1                1.0              0.0              0.0              0.5
	9                1                1.0              0.0              0.5              0.5
	10               1                1.0              0.0              0.5              0.0
	11               1                1.0              0.5              0.0              0.0
	12               1                1.0              0.5              0.0              0.5
	13               1                1.0              0.5              0.5              0.0
	14               2                0                0.0              0.0              0.0
	15               2                0                0.5              0.5              0.5
# Ni Mn In
[8, 6, 2]                \16_data\16_data_isif2_\862\C_1\run -102.88479031            aust                     [5.9688367985375335, 5.9688367985375335, 5.9688367985375335]
	0                0                1.0              0.25             0.25             0.25
	1                0                1.0              0.25             0.25             0.75
	2                0                1.0              0.25             0.75             0.25
	3                0                1.0              0.25             0.75             0.75
	4                0                1.0              0.75             0.25             0.25
	5                0                1.0              0.75             0.25             0.75
	6                0                1.0              0.75             0.75             0.25
	7                0                1.0              0.75             0.75             0.75
	8                1                -1.0             0.0              0.0              0.5
	9                1                1.0              0.0              0.5              0.5
	10               1                1.0              0.0              0.5              0.0
	11               1                1.0              0.5              0.0              0.0
	12               1                1.0              0.5              0.0              0.5
	13               1                1.0              0.5              0.5              0.0
	14               2                0                0.0              0.0              0.0
	15               2                0                0.5              0.5              0.5
# Ni Mn In
[8, 6, 2]                \16_data\16_data_isif2_\862\C_2\run -102.8847911             aust                     [5.9688310295486335, 5.9688310295486335, 5.9688310295486335]
	0                0                1.0              0.25             0.25             0.25
	1                0                1.0              0.25             0.25             0.75
	2                0                1.0              0.25             0.75             0.25
	3                0                1.0              0.25             0.75             0.75
	4                0                1.0              0.75             0.25             0.25
	5                0                1.0              0.75             0.25             0.75
	6                0                1.0              0.75             0.75             0.25
	7                0                1.0              0.75             0.75             0.75
	8                1                1.0              0.0              0.0              0.5
	9                1                -1.0             0.0              0.5              0.5
	10               1                1.0              0.0              0.5              0.0
	11               1                1.0              0.5              0.0              0.0
	12               1                1.0              0.5              0.0              0.5
	13               1                1.0              0.5              0.5              0.0
	14               2                0                0.0              0.0              0.0
	15               2                0                0.5              0.5              0.5
# Ni Mn In
[8, 6, 2]                \16_data\16_data_isif2_\862\C_3\run -102.77192078            aust                     [5.966602175041127, 5.966602175041127, 5.966602175041127]
	0                0                1.0              0.25             0.25             0.25
	1                0                1.0              0.25             0.25             0.75
	2                0                1.0              0.25             0.75             0.25
	3                0                1.0              0.25             0.75             0.75
	4                0                1.0              0.75             0.25             0.25
	5                0                1.0              0.75             0.25             0.75
	6                0                1.0              0.75             0.75             0.25
	7                0                1.0              0.75             0.75             0.75
	8                1                -1.0             0.0              0.0              0.5
	9                1                -1.0             0.0              0.5              0.5
	10               1                1.0              0.0              0.5              0.0
	11               1                1.0              0.5              0.0              0.0
	12               1                1.0              0.5              0.0              0.5
	13               1                1.0              0.5              0.5              0.0
	14               2                0                0.0              0.0              0.0
	15               2                0                0.5              0.5              0.5
# Ni Mn In
[8, 6, 2]                \16_data\16_data_isif2_\862\C_4\run -102.92680703            aust                     [5.958292295606465, 5.958292295606465, 5.958292295606465]
	0                0                1.0              0.25             0.25             0.25
	1                0                1.0              0.25             0.25             0.75
	2                0                1.0              0.25             0.75             0.25
	3                0                1.0              0.25             0.75             0.75
	4                0                1.0              0.75             0.25             0.25
	5                0                1.0              0.75             0.25             0.75
	6                0                1.0              0.75             0.75             0.25
	7                0                1.0              0.75             0.75             0.75
	8                1                -1.0             0.0              0.0              0.5
	9                1                1.0              0.0              0.5              0.5
	10               1                -1.0             0.0              0.5              0.0
	11               1                1.0              0.5              0.0              0.0
	12               1                1.0              0.5              0.0              0.5
	13               1                1.0              0.5              0.5              0.0
	14               2                0                0.0              0.0              0.0
	15               2                0                0.5              0.5              0.5
# Ni Mn In
[8, 6, 2]                \16_data\16_data_isif2_\862\C_5\run -102.809303              aust                     [5.960249389668773, 5.960249389668773, 5.960249389668773]
	0                0                1.0              0.25             0.25             0.25
	1                0                1.0              0.25             0.25             0.75
	2                0                1.0              0.25             0.75             0.25
	3                0                1.0              0.25             0.75             0.75
	4                0                1.0              0.75             0.25             0.25
	5                0                1.0              0.75             0.25             0.75
	6                0                1.0              0.75             0.75             0.25
	7                0                1.0              0.75             0.75             0.75
	8                1                -1.0             0.0              0.0              0.5
	9                1                1.0              0.0              0.5              0.5
	10               1                1.0              0.0              0.5              0.0
	11               1                1.0              0.5              0.0              0.0
	12               1                1.0              0.5              0.0              0.5
	13               1                -1.0             0.5              0.5              0.0
	14               2                0                0.0              0.0              0.0
	15               2                0                0.5              0.5              0.5
# Ni Mn In
[8, 6, 2]                \16_data\16_data_isif2_\862\C_6\run -102.80928862            aust                     [5.960205622266241, 5.960205622266241, 5.960205622266241]
	0                0                1.0              0.25             0.25             0.25
	1                0                1.0              0.25             0.25             0.75
	2                0                1.0              0.25             0.75             0.25
	3                0                1.0              0.25             0.75             0.75
	4                0                1.0              0.75             0.25             0.25
	5                0                1.0              0.75             0.25             0.75
	6                0                1.0              0.75             0.75             0.25
	7                0                1.0              0.75             0.75             0.75
	8                1                1.0              0.0              0.0              0.5
	9                1                -1.0             0.0              0.5              0.5
	10               1                1.0              0.0              0.5              0.0
	11               1                -1.0             0.5              0.0              0.0
	12               1                1.0              0.5              0.0              0.5
	13               1                1.0              0.5              0.5              0.0
	14               2                0                0.0              0.0              0.0
	15               2                0                0.5              0.5              0.5
# Ni Mn In
[8, 6, 2]                \16_data\16_data_isif2_\862\C_7\run -102.69270156            aust                     [5.967454638714693, 5.967454638714693, 5.967454638714693]
	0                0                1.0              0.25             0.25             0.25
	1                0                1.0              0.25             0.25             0.75
	2                0                1.0              0.25             0.75             0.25
	3                0                1.0              0.25             0.75             0.75
	4                0                1.0              0.75             0.25             0.25
	5                0                1.0              0.75             0.25             0.75
	6                0                1.0              0.75             0.75             0.25
	7                0                1.0              0.75             0.75             0.75
	8                1                -1.0             0.0              0.0              0.5
	9                1                -1.0             0.0              0.5              0.5
	10               1                -1.0             0.0              0.5              0.0
	11               1                1.0              0.5              0.0              0.0
	12               1                1.0              0.5              0.0              0.5
	13               1                1.0              0.5              0.5              0.0
	14               2                0                0.0              0.0              0.0
	15               2                0                0.5              0.5              0.5
# Ni Mn In
[8, 6, 2]                \16_data\16_data_isif2_\862\C_8\run -102.86228553            aust                     [5.954550570672796, 5.954550570672796, 5.954550570672796]
	0                0                0                0.25             0.25             0.25
	1                0                1.0              0.25             0.25             0.75
	2                0                -1.0             0.25             0.75             0.25
	3                0                0                0.25             0.75             0.75
	4                0                0                0.75             0.25             0.25
	5                0                -1.0             0.75             0.25             0.75
	6                0                1.0              0.75             0.75             0.25
	7                0                0                0.75             0.75             0.75
	8                1                -1.0             0.0              0.0              0.5
	9                1                -1.0             0.0              0.5              0.5
	10               1                1.0              0.0              0.5              0.0
	11               1                1.0              0.5              0.0              0.0
	12               1                1.0              0.5              0.0              0.5
	13               1                -1.0             0.5              0.5              0.0
	14               2                0                0.0              0.0              0.0
	15               2                0                0.5              0.5              0.5
# Ni Mn In
[8, 6, 2]                \16_data\16_data_isif2_\862\C_9\run -102.91553914            aust                     [5.949506473141894, 5.949506473141894, 5.949506473141894]
	0                0                1                0.25             0.25             0.25
	1                0                1                0.25             0.25             0.75
	2                0                1                0.25             0.75             0.25
	3                0                1                0.25             0.75             0.75
	4                0                1                0.75             0.25             0.25
	5                0                1                0.75             0.25             0.75
	6                0                1                0.75             0.75             0.25
	7                0                1                0.75             0.75             0.75
	8                1                -1.0             0.0              0.0              0.5
	9                1                1.0              0.0              0.5              0.5
	10               1                -1.0             0.0              0.5              0.0
	11               1                -1.0             0.5              0.0              0.0
	12               1                1.0              0.5              0.0              0.5
	13               1                1.0              0.5              0.5              0.0
	14               2                0                0.0              0.0              0.0
	15               2                0                0.5              0.5              0.5
# Ni Mn In
[27, 21, 6]              \NiMnIn\862_A\54_data\A_0\run -353.81495742            aust                     [8.917321596967279, 8.934710387162754, 8.877476084817335]
	0                0                1.0              0.16574          0.1629           0.16548
	1                0                1.0              0.49911          0.1676           0.14787
	2                0                1.0              0.83418          0.18295          0.1632
	3                0                1.0              0.14609          0.1686           0.499
	4                0                1.0              0.5085           0.17888          0.50852
	5                0                1.0              0.84654          0.18201          0.49921
	6                0                1.0              0.16235          0.18211          0.83652
	7                0                1.0              0.49999          0.18016          0.84418
	8                0                1.0              0.83829          0.18556          0.83983
	9                0                1.0              0.17929          0.50653          0.1559
	10               0                1.0              0.50377          0.50425          0.16126
	11               0                1.0              0.8177           0.4978           0.16386
	12               0                1.0              0.16673          0.4991           0.51402
	13               0                1.0              0.50612          0.50367          0.50768
	14               0                1.0              0.82686          0.49349          0.50429
	15               0                1.0              0.17358          0.50348          0.8303
	16               0                1.0              0.49772          0.49735          0.83113
	17               0                1.0              0.82868          0.50371          0.83069
	18               0                1.0              0.18387          0.83051          0.16598
	19               0                1.0              0.4944           0.82647          0.15969
	20               0                1.0              0.8202           0.81693          0.15349
	21               0                1.0              0.16481          0.83329          0.49907
	22               0                1.0              0.49636          0.81852          0.4973
	23               0                1.0              0.83927          0.82656          0.50814
	24               0                1.0              0.16403          0.81408          0.83325
	25               0                1.0              0.50013          0.82381          0.84233
	26               0                1.0              0.83525          0.81127          0.83598
	27               1                1.0              0.33353          -0.00043         -0.00228
	28               1                1.0              0.66589          -0.0005          -0.00137
	29               1                1.0              -0.00099         -0.00023         0.33218
	30               1                1.0              0.33312          -0.0005          0.33199
	31               1                1.0              -0.00078         -0.00041         0.66892
	32               1                -1.0             0.00309          0.34791          0.00409
	33               1                1.0              0.33008          0.33564          -0.0013
	34               1                1.0              0.66688          0.33802          -0.0013
	35               1                1.0              9e-05            0.33791          0.32591
	36               1                1.0              0.66631          0.33562          0.33284
	37               1                1.0              -9e-05           0.34001          0.67241
	38               1                1.0              0.33254          0.33501          0.66878
	39               1                1.0              0.66898          0.33686          0.67047
	40               1                1.0              0.00038          0.6535           -0.00109
	41               1                1.0              0.33611          0.66465          -0.00319
	42               1                1.0              0.66175          0.66086          -0.0036
	43               1                1.0              0.33629          0.66498          0.33534
	44               1                1.0              0.66363          0.66358          0.33448
	45               1                1.0              0.00016          0.66168          0.66733
	46               1                1.0              0.33462          0.66515          0.66647
	47               1                1.0              0.6655           0.66379          0.66755
	48               2                0                -0.00208         -0.00551         -0.00028
	49               2                0                0.66781          0.00083          0.32819
	50               2                0                0.32783          0.00328          0.66857
	51               2                0                0.67558          0.00181          0.6767
	52               2                0                0.33397          0.33194          0.33497
	53               2                0                5e-05            0.66277          0.32888
# Ni Mn In
[27, 21, 6]              \NiMnIn\862_A\54_data\A_9\run -353.84865844            aust                     [8.85588322932872, 8.86820355105842, 8.909045262657694]
	0                0                1.0              0.15454          0.18174          0.15586
	1                0                1.0              0.50557          0.15029          0.17049
	2                0                1.0              0.83623          0.1754           0.17348
	3                0                1.0              0.1411           0.49587          0.15828
	4                0                1.0              0.52167          0.51101          0.19826
	5                0                1.0              0.84088          0.51             0.19207
	6                0                1.0              0.15854          0.8216           0.18262
	7                0                1.0              0.48665          0.84609          0.18176
	8                0                1.0              0.86079          0.81052          0.19409
	9                0                1.0              0.16352          0.15774          0.50036
	10               0                1.0              0.49969          0.14724          0.47828
	11               0                1.0              0.8343           0.14283          0.50717
	12               0                1.0              0.1893           0.48964          0.52675
	13               0                1.0              0.50512          0.50165          0.50331
	14               0                1.0              0.81286          0.51693          0.50573
	15               0                1.0              0.16783          0.85104          0.49418
	16               0                1.0              0.476            0.85664          0.47626
	17               0                1.0              0.85253          0.83724          0.50452
	18               0                1.0              0.17998          0.17514          0.84294
	19               0                1.0              0.50417          0.14545          0.8446
	20               0                1.0              0.81111          0.14096          0.81629
	21               0                1.0              0.18591          0.4916           0.82161
	22               0                1.0              0.50006          0.50428          0.80216
	23               0                -1.0             0.81051          0.52517          0.75
	24               0                1.0              0.18             0.83104          0.82611
	25               0                1.0              0.49821          0.8489           0.83655
	26               0                1.0              0.82439          0.83467          0.80381
	27               1                1.0              0.32709          0.00132          0.00633
	28               1                1.0              0.67156          0.9936           0.01417
	29               1                1.0              0.98977          0.34032          0.99114
	30               1                1.0              0.34156          0.3334           0.00015
	31               1                1.0              0.99821          0.66077          0.98069
	32               1                1.0              0.99885          0.00781          0.3304
	33               1                1.0              0.31463          0.00858          0.32075
	34               1                -1.0             0.68193          0.98898          0.32993
	35               1                -1.0             0.99134          0.33702          0.34666
	36               1                1.0              0.67803          0.32646          0.34682
	37               1                1.0              0.01657          0.65104          0.35884
	38               1                -1.0             0.32526          0.66296          0.34709
	39               1                1.0              0.66484          0.68715          0.35098
	40               1                1.0              0.01185          0.99539          0.6717
	41               1                -1.0             0.33574          0.00615          0.66777
	42               1                1.0              0.65049          0.98969          0.65038
	43               1                1.0              0.35298          0.31209          0.66775
	44               1                -1.0             0.65413          0.31792          0.65275
	45               1                -1.0             0.01316          0.66905          0.66252
	46               1                1.0              0.34078          0.68223          0.65497
	47               1                -1.0             0.64649          0.69232          0.64571
	48               2                0                0.99512          0.99222          0.99653
	49               2                0                0.66777          0.33715          0.99575
	50               2                0                0.33449          0.6592           0.00718
	51               2                0                0.67514          0.6792           0.00661
	52               2                0                0.3315           0.33556          0.32754
	53               2                0                0.98913          0.33158          0.67152
# Ni Mn In
[27, 21, 6]              \NiMnIn\862_A\54_data\A_base\run -353.97751089            aust                     [8.90543464050824, 8.894073616527455, 8.936529455498311]
	0                0                1.0              0.16639          0.16658          0.16691
	1                0                1.0              0.49831          0.15024          0.16691
	2                0                1.0              0.83396          0.16538          0.18439
	3                0                1.0              0.14906          0.49796          0.1658
	4                0                1.0              0.50906          0.50862          0.18182
	5                0                1.0              0.84378          0.49978          0.17928
	6                0                1.0              0.16523          0.83492          0.18463
	7                0                1.0              0.50021          0.8429           0.17947
	8                0                1.0              0.83538          0.83641          0.18516
	9                0                1.0              0.16789          0.15157          0.49852
	10               0                1.0              0.50515          0.16202          0.50544
	11               0                1.0              0.82593          0.15999          0.49483
	12               0                1.0              0.16852          0.51561          0.50177
	13               0                1.0              0.50628          0.5073           0.50498
	14               0                1.0              0.82608          0.50486          0.49556
	15               0                1.0              0.16717          0.83392          0.49998
	16               0                1.0              0.49789          0.83162          0.4987
	17               0                1.0              0.83483          0.83449          0.50103
	18               0                1.0              0.18389          0.16713          0.83396
	19               0                1.0              0.49432          0.15916          0.82554
	20               0                1.0              0.82013          0.15368          0.81901
	21               0                1.0              0.16549          0.49916          0.8333
	22               0                1.0              0.49574          0.49592          0.81473
	23               0                1.0              0.83976          0.50847          0.82687
	24               0                1.0              0.16519          0.83242          0.8154
	25               0                1.0              0.49923          0.84461          0.82245
	26               0                1.0              0.83466          0.83511          0.8138
	27               1                1.0              0.33363          -0.002           0.00034
	28               1                1.0              0.66548          -0.00122         7e-05
	29               1                1.0              -0.00071         0.33218          0.00022
	30               1                1.0              0.33375          0.33211          -0.00045
	31               1                1.0              -0.00025         0.66875          -4e-05
	32               1                1.0              0.00047          0.00015          0.3379
	33               1                1.0              0.33359          -0.00106         0.33624
	34               1                1.0              0.66514          -0.0011          0.33744
	35               1                1.0              -0.00072         0.33179          0.33711
	36               1                1.0              0.66705          0.33272          0.33711
	37               1                1.0              -0.00023         0.66764          0.33795
	38               1                1.0              0.33341          0.66922          0.33677
	39               1                1.0              0.66883          0.67057          0.33848
	40               1                1.0              0.00086          -0.00079         0.6617
	41               1                1.0              0.33359          -0.0015          0.6627
	42               1                1.0              0.66355          -0.00344         0.66049
	43               1                1.0              0.3346           0.33289          0.66384
	44               1                1.0              0.66523          0.33268          0.66287
	45               1                1.0              0.00022          0.6678           0.66246
	46               1                1.0              0.33413          0.6684           0.66453
	47               1                1.0              0.66634          0.66899          0.6634
	48               2                0                -0.00141         -0.00107         -0.00271
	49               2                0                0.66672          0.32853          0.00017
	50               2                0                0.32935          0.66805          0.00249
	51               2                0                0.67348          0.67568          7e-05
	52               2                0                0.33356          0.335            0.33471
	53               2                0                0.0006           0.32901          0.66372
# Ni Mn In
[8, 6, 2]                \NiMnIn_Vasp_Data\Aust_A_4 -102.8517204             aust                     [5.970419677524544, 5.97041621124336, 5.936546238829472]
	0                0                0                0.25             0.25             0.25
	1                0                0                0.25             0.25             0.75
	2                0                -1.0             0.25             0.75             0.25
	3                0                1.0              0.25             0.75             0.75
	4                0                1.0              0.75             0.25             0.25
	5                0                -1.0             0.75             0.25             0.75
	6                0                0                0.75             0.75             0.25
	7                0                0                0.75             0.75             0.75
	8                1                -1.0             0.5              0.0              0.0
	9                1                -1.0             0.0              0.0              0.5
	10               1                1.0              0.5              0.0              0.5
	11               1                1.0              0.0              0.5              0.0
	12               1                1.0              0.5              0.5              0.0
	13               1                -1.0             0.0              0.5              0.5
	14               2                0                0.0              0.0              0.0
	15               2                0                0.5              0.5              0.5
# Ni Mn In
[8, 6, 2]                \NiMnIn_Vasp_Data\Aust_A_M -102.93418296            aust                     [5.975867181997786, 5.975867181997786, 5.975867181997786]
	0                0                1.0              0.25             0.25             0.25
	1                0                1.0              0.25             0.25             0.75
	2                0                1.0              0.25             0.75             0.25
	3                0                1.0              0.25             0.75             0.75
	4                0                1.0              0.75             0.25             0.25
	5                0                1.0              0.75             0.25             0.75
	6                0                1.0              0.75             0.75             0.25
	7                0                1.0              0.75             0.75             0.75
	8                1                1.0              0.5              0.0              0.0
	9                1                1.0              0.0              0.0              0.5
	10               1                1.0              0.5              0.0              0.5
	11               1                1.0              0.0              0.5              0.0
	12               1                1.0              0.5              0.5              0.0
	13               1                1.0              0.0              0.5              0.5
	14               2                0                0.0              0.0              0.0
	15               2                0                0.5              0.5              0.5
# Ni Mn In
[8, 6, 2]                \NiMnIn_Vasp_Data\Aust_A_O -102.93417182            aust                     [5.976416375737637, 5.976416375737637, 5.976416375737637]
	0                0                1.0              0.25             0.25             0.25
	1                0                1.0              0.25             0.25             0.75
	2                0                1.0              0.25             0.75             0.25
	3                0                1.0              0.25             0.75             0.75
	4                0                1.0              0.75             0.25             0.25
	5                0                1.0              0.75             0.25             0.75
	6                0                1.0              0.75             0.75             0.25
	7                0                1.0              0.75             0.75             0.75
	8                1                1.0              0.5              0.0              0.0
	9                1                1.0              0.0              0.0              0.5
	10               1                1.0              0.5              0.0              0.5
	11               1                1.0              0.0              0.5              0.0
	12               1                1.0              0.5              0.5              0.0
	13               1                1.0              0.0              0.5              0.5
	14               2                0                0.0              0.0              0.0
	15               2                0                0.5              0.5              0.5
# Ni Mn In
[8, 6, 2]                \NiMnIn_Vasp_Data\Aust_B_M -103.53129909            aust                     [5.925795634216839, 5.925795634216839, 6.017076911175135]
	0                0                1.0              0.25             0.25             0.25
	1                0                1.0              0.75             0.25             0.25
	2                0                1.0              0.25             0.25             0.75
	3                0                1.0              0.75             0.25             0.75
	4                0                1.0              0.25             0.75             0.25
	5                0                1.0              0.75             0.75             0.25
	6                0                1.0              0.25             0.75             0.75
	7                0                1.0              0.75             0.75             0.75
	8                1                1.0              0.0              0.5              0.0
	9                1                1.0              0.5              0.0              0.0
	10               1                1.0              0.0              0.0              0.5
	11               1                1.0              0.0              0.5              0.5
	12               1                1.0              0.5              0.0              0.5
	13               1                1.0              0.5              0.5              0.5
	14               2                0                0.0              0.0              0.0
	15               2                0                0.5              0.5              0.0
# Ni Mn In
[8, 6, 2]                \NiMnIn_Vasp_Data\Ni8Mn6In2_8_P -102.93417181            aust                     [5.9764166327956945, 5.9764166327956945, 5.9764166327956945]
	0                0                1.0              0.25             0.25             0.25
	1                0                1.0              0.25             0.25             0.75
	2                0                1.0              0.25             0.75             0.25
	3                0                1.0              0.25             0.75             0.75
	4                0                1.0              0.75             0.25             0.25
	5                0                1.0              0.75             0.25             0.75
	6                0                1.0              0.75             0.75             0.25
	7                0                1.0              0.75             0.75             0.75
	8                1                1.0              0.5              0.0              0.0
	9                1                1.0              0.0              0.0              0.5
	10               1                1.0              0.5              0.0              0.5
	11               1                1.0              0.0              0.5              0.0
	12               1                1.0              0.5              0.5              0.0
	13               1                1.0              0.0              0.5              0.5
	14               2                0                0.0              0.0              0.0
	15               2                0                0.5              0.5              0.5