# Ni Mn In
[8, 5, 3]                \Ni-Mn-In\Ni8Mn5In3_3    -96.9188721              mart                     [5.795408501872776, 5.795408501872776, 6.50782677889782]
	0                0                1.0                0.25             0.25             0.25
	1                0                1.0                0.75             0.25             0.25
	2                0                1.0                0.25             0.75             0.25
	3                0                1.0                0.75             0.75             0.25
	4                0                1.0                0.25             0.25             0.75
	5                0                1.0                0.75             0.25             0.75
	6                0                1.0                0.25             0.75             0.75
	7                0                1.0                0.75             0.75             0.75
	8                1                1.0              0.5              0.0              0.0
	9                1                1.0              0.5              0.0              0.5
	10               1                1.0              0.0              0.5              0.5
	11               1                1.0              0.0              0.5              0.0
	12               1                1.0              0.0              0.0              0.5
	13               2                0                0.0              0.0              0.0
	14               2                0                0.5              0.5              0.0
	15               2                0                0.5              0.5              0.5
# Ni Mn In
[8, 4, 4]                \Ni-Mn-In\Ni2MnIn_pts\Mart_D_1 -90.46596413             mart                     [5.766041663030727, 5.766149999688814, 6.779989298894591]
	0                0                1.0                0.25             0.25             0.25
	1                0                1.0                0.75             0.25             0.25
	2                0                1.0                0.25             0.75             0.25
	3                0                1.0                0.75             0.75             0.25
	4                0                1.0                0.25             0.25             0.75
	5                0                1.0                0.75             0.25             0.75
	6                0                1.0                0.25             0.75             0.75
	7                0                1.0                0.75             0.75             0.75
	8                1                -1.0             0.0              0.0              0.0
	9                1                -1.0             0.0              0.0              0.5
	10               1                1.0              0.5              0.5              0.0
	11               1                1.0              0.5              0.5              0.5
	12               2                0                0.5              0.0              0.5
	13               2                0                0.0              0.5              0.5
	14               2                0                0.5              0.0              0.0
	15               2                0                0.0              0.5              0.0
# Ni Mn In
[8, 4, 4]                \Ni-Mn-In\Ni2MnIn_pts\Aust_D_1 -90.46111502             mart                     [5.781015313890929, 5.781015313890929, 6.740928527348935]
	0                0                1.0                0.25             0.25             0.25
	1                0                1.0                0.75             0.25             0.25
	2                0                1.0                0.25             0.75             0.25
	3                0                1.0                0.75             0.75             0.25
	4                0                1.0                0.25             0.25             0.75
	5                0                1.0                0.75             0.25             0.75
	6                0                1.0                0.25             0.75             0.75
	7                0                1.0                0.75             0.75             0.75
	8                1                -1.0             0.0              0.0              0.0
	9                1                -1.0             0.0              0.0              0.5
	10               1                1.0              0.5              0.5              0.0
	11               1                1.0              0.5              0.5              0.5
	12               2                0                0.5              0.0              0.5
	13               2                0                0.0              0.5              0.5
	14               2                0                0.5              0.0              0.0
	15               2                0                0.0              0.5              0.0
# Ni Mn In
[8, 5, 3]                \New_NiMnIn\853_A\A_0\run -96.92287561             mart                     [5.7988662391154095, 5.7988662391154095, 6.5011211816344385]
	0                0                1.0                0.25             0.25             0.25
	1                0                1.0                0.75             0.25             0.25
	2                0                1.0                0.25             0.25             0.75
	3                0                1.0                0.75             0.25             0.75
	4                0                1.0                0.25             0.75             0.25
	5                0                1.0                0.75             0.75             0.25
	6                0                1.0                0.25             0.75             0.75
	7                0                1.0                0.75             0.75             0.75
	8                1                1.0              0.0              -0.0             0.0
	9                1                1.0              0.5              -0.0             0.5
	10               1                1.0              0.0              -0.0             0.5
	11               1                1.0              0.5              0.5              0.0
	12               1                1.0              0.5              0.5              0.5
	13               2                0                0.5              -0.0             0.0
	14               2                0                0.0              0.5              0.0
	15               2                0                0.0              0.5              0.5
# Ni Mn In
[8, 5, 3]                \New_NiMnIn\853_A\B_6\run -97.25135817             mart                     [5.659857094368515, 5.897638061664994, 6.4798732032623745]
	0                0                1.0                0.25             0.25             0.25
	1                0                1.0                0.75             0.25             0.25
	2                0                1.0                0.25             0.25             0.75
	3                0                1.0                0.75             0.25             0.75
	4                0                1.0                0.25             0.75             0.25
	5                0                1.0                0.75             0.75             0.25
	6                0                1.0                0.25             0.75             0.75
	7                0                1.0                0.75             0.75             0.75
	8                1                -1.0             -0.0             -0.0             -0.0
	9                1                1.0              0.5              -0.0             -0.0
	10               1                1.0              0.5              -0.0             0.5
	11               1                -1.0             -0.0             -0.0             0.5
	12               1                1.0              0.5              0.5              0.5
	13               2                0                -0.0             0.5              -0.0
	14               2                0                0.5              0.5              -0.0
	15               2                0                -0.0             0.5              0.5
# Ni Mn In
[8, 5, 3]                \New_NiMnIn\853_A\A_3\run -96.85928613             mart                     [5.635595563745839, 5.762855815780698, 6.699000908838993]
	0                0                1.0                0.25             0.25             0.25
	1                0                1.0                0.75             0.25             0.25
	2                0                1.0                0.25             0.25             0.75
	3                0                1.0                0.75             0.25             0.75
	4                0                1.0                0.25             0.75             0.25
	5                0                1.0                0.75             0.75             0.25
	6                0                1.0                0.25             0.75             0.75
	7                0                1.0                0.75             0.75             0.75
	8                1                -1.0             -0.0             -0.0             0.0
	9                1                1.0              0.5              -0.0             0.5
	10               1                -1.0             -0.0             -0.0             0.5
	11               1                1.0              0.5              0.5              0.0
	12               1                1.0              0.5              0.5              0.5
	13               2                0                0.5              -0.0             0.0
	14               2                0                -0.0             0.5              0.0
	15               2                0                -0.0             0.5              0.5
# Ni Mn In
[8, 5, 3]                \New_NiMnIn\853_A\C_5\run -97.35181574             mart                     [5.76478089847173, 5.770677149656919, 6.500488522855264]
	0                0                1.0                0.25             0.25             0.25
	1                0                1.0                0.75             0.25             0.25
	2                0                1.0                0.25             0.25             0.75
	3                0                1.0                0.75             0.25             0.75
	4                0                1.0                0.25             0.75             0.25
	5                0                1.0                0.75             0.75             0.25
	6                0                1.0                0.25             0.75             0.75
	7                0                1.0                0.75             0.75             0.75
	8                1                -1.0             0.0              -0.0             -0.0
	9                1                1.0              0.5              -0.0             0.5
	10               1                -1.0             0.0              -0.0             0.5
	11               1                1.0              0.5              0.5              -0.0
	12               1                1.0              0.0              0.5              0.5
	13               2                0                0.5              -0.0             -0.0
	14               2                0                0.0              0.5              -0.0
	15               2                0                0.5              0.5              0.5
# Ni Mn In
[8, 5, 3]                \NiMnIn\853_A\A_0\run    -96.92287561             mart                     [5.7988662391154095, 5.7988662391154095, 6.5011211816344385]
	0                0                1.0              0.25             0.25             0.25
	1                0                1.0              0.75             0.25             0.25
	2                0                1.0              0.25             0.25             0.75
	3                0                1.0              0.75             0.25             0.75
	4                0                1.0              0.25             0.75             0.25
	5                0                1.0              0.75             0.75             0.25
	6                0                1.0              0.25             0.75             0.75
	7                0                1.0              0.75             0.75             0.75
	8                1                1.0              0.0              -0.0             0.0
	9                1                1.0              0.5              -0.0             0.5
	10               1                1.0              0.0              -0.0             0.5
	11               1                1.0              0.5              0.5              0.0
	12               1                1.0              0.5              0.5              0.5
	13               2                0                0.5              -0.0             0.0
	14               2                0                0.0              0.5              0.0
	15               2                0                0.0              0.5              0.5
# Ni Mn In
[8, 5, 3]                \NiMnIn\853_A\A_3\run    -96.85928613             mart                     [5.635595563745839, 5.762855815780698, 6.699000908838993]
	0                0                1.0              0.25             0.25             0.25
	1                0                1.0              0.75             0.25             0.25
	2                0                1.0              0.25             0.25             0.75
	3                0                1.0              0.75             0.25             0.75
	4                0                1.0              0.25             0.75             0.25
	5                0                1.0              0.75             0.75             0.25
	6                0                1.0              0.25             0.75             0.75
	7                0                1.0              0.75             0.75             0.75
	8                1                -1.0             -0.0             -0.0             0.0
	9                1                1.0              0.5              -0.0             0.5
	10               1                -1.0             -0.0             -0.0             0.5
	11               1                1.0              0.5              0.5              0.0
	12               1                1.0              0.5              0.5              0.5
	13               2                0                0.5              -0.0             0.0
	14               2                0                -0.0             0.5              0.0
	15               2                0                -0.0             0.5              0.5
# Ni Mn In
[8, 5, 3]                \NiMnIn\853_A\B_6\run    -97.25135817             mart                     [5.659857094368515, 5.897638061664994, 6.4798732032623745]
	0                0                1.0              0.25             0.25             0.25
	1                0                1.0              0.75             0.25             0.25
	2                0                1.0              0.25             0.25             0.75
	3                0                1.0              0.75             0.25             0.75
	4                0                1.0              0.25             0.75             0.25
	5                0                1.0              0.75             0.75             0.25
	6                0                1.0              0.25             0.75             0.75
	7                0                1.0              0.75             0.75             0.75
	8                1                -1.0             -0.0             -0.0             -0.0
	9                1                1.0              0.5              -0.0             -0.0
	10               1                1.0              0.5              -0.0             0.5
	11               1                -1.0             -0.0             -0.0             0.5
	12               1                1.0              0.5              0.5              0.5
	13               2                0                -0.0             0.5              -0.0
	14               2                0                0.5              0.5              -0.0
	15               2                0                -0.0             0.5              0.5
# Ni Mn In
[8, 5, 3]                \NiMnIn\853_A\C_5\run    -97.35181574             mart                     [5.76478089847173, 5.770677149656919, 6.500488522855264]
	0                0                1.0                0.25             0.25             0.25
	1                0                1.0                0.75             0.25             0.25
	2                0                -1.0             0.25             0.25             0.75
	3                0                1.0                0.75             0.25             0.75
	4                0                1.0                0.25             0.75             0.25
	5                0                -1.0             0.75             0.75             0.25
	6                0                1.0                0.25             0.75             0.75
	7                0                1.0                0.75             0.75             0.75
	8                1                -1.0             0.0              -0.0             -0.0
	9                1                1.0              0.5              -0.0             0.5
	10               1                -1.0             0.0              -0.0             0.5
	11               1                1.0              0.5              0.5              -0.0
	12               1                1.0              0.0              0.5              0.5
	13               2                0                0.5              -0.0             -0.0
	14               2                0                0.0              0.5              -0.0
	15               2                0                0.5              0.5              0.5
