# Ni Mn In
[8, 6, 2]                \Ni-Mn-In\Aust\Aust_A_1  -100.22711437            aust                     [5.90400867021641, 5.90400867021641, 5.901711192102277]
	0                0                0                0.25             0.25             0.25
	1                0                0                0.75             0.25             0.25
	2                0                0                0.25             0.25             0.75
	3                0                0                0.75             0.25             0.75
	4                0                0                0.25             0.75             0.25
	5                0                0                0.75             0.75             0.25
	6                0                0                0.25             0.75             0.75
	7                0                0                0.75             0.75             0.75
	8                1                -1.0             0.0              0.5              0.0
	9                1                -1.0             0.5              0.0              0.0
	10               1                0                0.5              0.5              0.0
	11               1                0                0.0              0.0              0.5
	12               1                1.0              0.0              0.5              0.5
	13               1                1.0              0.5              0.0              0.5
	14               2                0                0.0              0.0              0.0
	15               2                0                0.5              0.5              0.5
# Ni Mn In
[8, 6, 2]                \Ni-Mn-In\Aust\Aust_A_4  -102.8517204             aust                     [5.970419677524544, 5.97041621124336, 5.936546238829472]
	0                0                0                0.25             0.25             0.25
	1                0                0                0.25             0.25             0.75
	2                0                0                0.25             0.75             0.25
	3                0                0                0.25             0.75             0.75
	4                0                0                0.75             0.25             0.25
	5                0                0                0.75             0.25             0.75
	6                0                0                0.75             0.75             0.25
	7                0                0                0.75             0.75             0.75
	8                1                -1.0             0.5              0.0              0.0
	9                1                -1.0             0.0              0.0              0.5
	10               1                1.0              0.5              0.0              0.5
	11               1                1.0              0.0              0.5              0.0
	12               1                1.0              0.5              0.5              0.0
	13               1                -1.0             0.0              0.5              0.5
	14               2                0                0.0              0.0              0.0
	15               2                0                0.5              0.5              0.5
# Ni Mn In
[8, 6, 2]                \Ni-Mn-In\Aust\Aust_A_M  -102.93418296            aust                     [5.975867181997786, 5.975867181997786, 5.975867181997786]
	0                0                1.0              0.25             0.25             0.25
	1                0                1.0              0.25             0.25             0.75
	2                0                1.0              0.25             0.75             0.25
	3                0                1.0              0.25             0.75             0.75
	4                0                1.0              0.75             0.25             0.25
	5                0                1.0              0.75             0.25             0.75
	6                0                1.0              0.75             0.75             0.25
	7                0                1.0              0.75             0.75             0.75
	8                1                1.0              0.5              0.0              0.0
	9                1                1.0              0.0              0.0              0.5
	10               1                1.0              0.5              0.0              0.5
	11               1                1.0              0.0              0.5              0.0
	12               1                1.0              0.5              0.5              0.0
	13               1                1.0              0.0              0.5              0.5
	14               2                0                0.0              0.0              0.0
	15               2                0                0.5              0.5              0.5
# Ni Mn In
[8, 6, 2]                \Ni-Mn-In\Aust\Aust_A_O  -102.93417182            aust                     [5.976416375737637, 5.976416375737637, 5.976416375737637]
	0                0                1.0              0.25             0.25             0.25
	1                0                1.0              0.25             0.25             0.75
	2                0                1.0              0.25             0.75             0.25
	3                0                1.0              0.25             0.75             0.75
	4                0                1.0              0.75             0.25             0.25
	5                0                1.0              0.75             0.25             0.75
	6                0                1.0              0.75             0.75             0.25
	7                0                1.0              0.75             0.75             0.75
	8                1                1.0              0.5              0.0              0.0
	9                1                1.0              0.0              0.0              0.5
	10               1                1.0              0.5              0.0              0.5
	11               1                1.0              0.0              0.5              0.0
	12               1                1.0              0.5              0.5              0.0
	13               1                1.0              0.0              0.5              0.5
	14               2                0                0.0              0.0              0.0
	15               2                0                0.5              0.5              0.5
# Ni Mn In
[8, 6, 2]                \Ni-Mn-In\Aust\Aust_B_M  -103.53129909            aust                     [5.925795634216839, 5.925795634216839, 6.017076911175135]
	0                0                1.0              0.25             0.25             0.25
	1                0                1.0              0.75             0.25             0.25
	2                0                1.0              0.25             0.25             0.75
	3                0                1.0              0.75             0.25             0.75
	4                0                1.0              0.25             0.75             0.25
	5                0                1.0              0.75             0.75             0.25
	6                0                1.0              0.25             0.75             0.75
	7                0                1.0              0.75             0.75             0.75
	8                1                1.0              0.0              0.5              0.0
	9                1                1.0              0.5              0.0              0.0
	10               1                1.0              0.0              0.0              0.5
	11               1                1.0              0.0              0.5              0.5
	12               1                1.0              0.5              0.0              0.5
	13               1                1.0              0.5              0.5              0.5
	14               2                0                0.0              0.0              0.0
	15               2                0                0.5              0.5              0.0
# Ni Mn In
[8, 6, 2]                \Ni-Mn-In\Austinite\Ni8Mn6In2_1_8 -100.22721957            aust                     [5.905084782579814, 5.905084782579814, 5.90277013699357]
	0                0                0                0.25             0.25             0.25
	1                0                0                0.75             0.25             0.25
	2                0                0                0.25             0.25             0.75
	3                0                0                0.75             0.25             0.75
	4                0                0                0.25             0.75             0.25
	5                0                0                0.75             0.75             0.25
	6                0                0                0.25             0.75             0.75
	7                0                0                0.75             0.75             0.75
	8                1                -1.0             0.0              0.5              0.0
	9                1                -1.0             0.5              0.0              0.0
	10               1                0                0.5              0.5              0.0
	11               1                0                0.0              0.0              0.5
	12               1                1.0              0.0              0.5              0.5
	13               1                1.0              0.5              0.0              0.5
	14               2                0                0.0              0.0              0.0
	15               2                0                0.5              0.5              0.5
# Ni Mn In
[8, 6, 2]                \Ni-Mn-In\Austinite\Ni8Mn6In2_8_P -102.93417181            aust                     [5.9764166327956945, 5.9764166327956945, 5.9764166327956945]
	0                0                1.0              0.25             0.25             0.25
	1                0                1.0              0.25             0.25             0.75
	2                0                1.0              0.25             0.75             0.25
	3                0                1.0              0.25             0.75             0.75
	4                0                1.0              0.75             0.25             0.25
	5                0                1.0              0.75             0.25             0.75
	6                0                1.0              0.75             0.75             0.25
	7                0                1.0              0.75             0.75             0.75
	8                1                1.0              0.5              0.0              0.0
	9                1                1.0              0.0              0.0              0.5
	10               1                1.0              0.5              0.0              0.5
	11               1                1.0              0.0              0.5              0.0
	12               1                1.0              0.5              0.5              0.0
	13               1                1.0              0.0              0.5              0.5
	14               2                0                0.0              0.0              0.0
	15               2                0                0.5              0.5              0.5
# Ni Mn In
[8, 5, 3]                \Ni-Mn-In\Ni8Mn5In3_1    -97.46908232             aust                     [6.008931909856417, 6.008931909856417, 6.008931909856417]
	0                0                0                0.25             0.25             0.25
	1                0                0                0.25             0.25             0.75
	2                0                0                0.25             0.75             0.25
	3                0                0                0.25             0.75             0.75
	4                0                0                0.75             0.25             0.25
	5                0                0                0.75             0.25             0.75
	6                0                0                0.75             0.75             0.25
	7                0                0                0.75             0.75             0.75
	8                1                1.0              0.0              0.0              0.0
	9                1                1.0              0.5              0.0              0.5
	10               1                1.0              0.5              0.5              0.0
	11               1                1.0              0.0              0.5              0.5
	12               1                1.0              0.5              0.0              0.0
	13               2                0                0.0              0.0              0.5
	14               2                0                0.0              0.5              0.0
	15               2                0                0.5              0.5              0.5
# Ni Mn In
[8, 4, 4]                \Ni-Mn-In\NiMn\Ni2MnIn_A_AFM1 -91.05525589             aust                     [6.061189789311594, 6.061189789311594, 6.087652287361353]
	0                0                0                0.25             0.25             0.25
	1                0                0                0.75             0.25             0.25
	2                0                0                0.25             0.25             0.75
	3                0                0                0.75             0.25             0.75
	4                0                0                0.25             0.75             0.25
	5                0                0                0.75             0.75             0.25
	6                0                0                0.25             0.75             0.75
	7                0                0                0.75             0.75             0.75
	8                1                -1.0             0.0              0.0              0.0
	9                1                -1.0             0.5              0.5              0.0
	10               1                1.0              0.0              0.5              0.5
	11               1                1.0              0.5              0.0              0.5
	12               2                0                0.0              0.5              0.0
	13               2                0                0.5              0.0              0.0
	14               2                0                0.0              0.0              0.5
	15               2                0                0.5              0.5              0.5
# Ni Mn In
[8, 4, 4]                \Ni-Mn-In\NiMn\Ni2MnIn_A_AFM2 -91.05525579             aust                     [6.062629080678525, 6.062629080678525, 6.085152730348363]
	0                0                0                0.25             0.25             0.25
	1                0                0                0.75             0.25             0.25
	2                0                0                0.25             0.75             0.25
	3                0                0                0.75             0.75             0.25
	4                0                0                0.25             0.25             0.75
	5                0                0                0.75             0.25             0.75
	6                0                0                0.25             0.75             0.75
	7                0                0                0.75             0.75             0.75
	8                1                -1.0             0.0              0.0              0.0
	9                1                1.0              0.5              0.0              0.5
	10               1                1.0              0.0              0.5              0.5
	11               1                -1.0             0.5              0.5              0.0
	12               2                0                0.0              0.0              0.5
	13               2                0                0.5              0.0              0.0
	14               2                0                0.0              0.5              0.0
	15               2                0                0.5              0.5              0.5
# Ni Mn In
[8, 4, 4]                \Ni-Mn-In\NiMn\Ni2MnIn_A_FM -91.36193936             aust                     [6.062419836666366, 6.062419836666366, 6.062419836666366]
	0                0                0                0.25             0.25             0.25
	1                0                0                0.25             0.25             0.75
	2                0                0                0.25             0.75             0.25
	3                0                0                0.25             0.75             0.75
	4                0                0                0.75             0.25             0.25
	5                0                0                0.75             0.25             0.75
	6                0                0                0.75             0.75             0.25
	7                0                0                0.75             0.75             0.75
	8                1                1.0              0.0              0.0              0.0
	9                1                1.0              0.5              0.0              0.5
	10               1                1.0              0.5              0.5              0.0
	11               1                1.0              0.0              0.5              0.5
	12               2                0                0.5              0.0              0.0
	13               2                0                0.0              0.0              0.5
	14               2                0                0.0              0.5              0.0
	15               2                0                0.5              0.5              0.5
# Ni Mn In
[8, 4, 4]                \Ni-Mn-In\NiMn\Ni2MnIn_A_OM -91.36194093             aust                     [6.062172307013078, 6.062172307013078, 6.062172307013078]
	0                0                0                0.25             0.25             0.25
	1                0                0                0.25             0.25             0.75
	2                0                0                0.25             0.75             0.25
	3                0                0                0.25             0.75             0.75
	4                0                0                0.75             0.25             0.25
	5                0                0                0.75             0.25             0.75
	6                0                0                0.75             0.75             0.25
	7                0                0                0.75             0.75             0.75
	8                1                1.0              0.0              0.0              0.0
	9                1                1.0              0.5              0.0              0.5
	10               1                1.0              0.5              0.5              0.0
	11               1                1.0              0.0              0.5              0.5
	12               2                0                0.5              0.0              0.0
	13               2                0                0.0              0.0              0.5
	14               2                0                0.0              0.5              0.0
	15               2                0                0.5              0.5              0.5
# Ni Mn In
[8, 4, 4]                \Ni-Mn-In\NiMn\Ni2MnIn_M_AFM1 -91.05854702             aust                     [6.066233311091819, 6.066467430802803, 6.073374165981144]
	0                0                0                0.25             0.25             0.25
	1                0                0                0.75             0.25             0.25
	2                0                0                0.25             0.25             0.75
	3                0                0                0.75             0.25             0.75
	4                0                0                0.25             0.75             0.25
	5                0                0                0.75             0.75             0.25
	6                0                0                0.25             0.75             0.75
	7                0                0                0.75             0.75             0.75
	8                1                -1.0             0.0              0.0              0.0
	9                1                -1.0             0.5              0.5              0.0
	10               1                1.0              0.0              0.5              0.5
	11               1                1.0              0.5              0.0              0.5
	12               2                0                0.0              0.5              0.0
	13               2                0                0.5              0.0              0.0
	14               2                0                0.0              0.0              0.5
	15               2                0                0.5              0.5              0.5
# Ni Mn In
[8, 4, 4]                \Ni-Mn-In\NiMn\Ni2MnIn_M_AFM2 -91.05853269             aust                     [6.065105531831851, 6.067190369893444, 6.0745488910559855]
	0                0                0                0.25             0.25             0.25
	1                0                0                0.75             0.25             0.25
	2                0                0                0.25             0.75             0.25
	3                0                0                0.75             0.75             0.25
	4                0                0                0.25             0.25             0.75
	5                0                0                0.75             0.25             0.75
	6                0                0                0.25             0.75             0.75
	7                0                0                0.75             0.75             0.75
	8                1                -1.0             0.0              0.0              0.0
	9                1                1.0              0.5              0.0              0.5
	10               1                1.0              0.0              0.5              0.5
	11               1                -1.0             0.5              0.5              0.0
	12               2                0                0.0              0.0              0.5
	13               2                0                0.5              0.0              0.0
	14               2                0                0.0              0.5              0.0
	15               2                0                0.5              0.5              0.5
# Ni Mn In
[8, 4, 4]                \Ni-Mn-In\NiMn\Ni2MnIn_M_FM -91.36547592             aust                     [6.062425406372788, 6.065301773451188, 6.058219048506568]
	0                0                0                0.25             0.25             0.25
	1                0                0                0.75             0.25             0.25
	2                0                0                0.25             0.75             0.25
	3                0                0                0.75             0.75             0.25
	4                0                0                0.25             0.25             0.75
	5                0                0                0.75             0.25             0.75
	6                0                0                0.25             0.75             0.75
	7                0                0                0.75             0.75             0.75
	8                1                1.0              0.0              0.0              0.0
	9                1                1.0              0.5              0.0              0.5
	10               1                1.0              0.0              0.5              0.5
	11               1                1.0              0.5              0.5              0.0
	12               2                0                0.0              0.0              0.5
	13               2                0                0.5              0.0              0.0
	14               2                0                0.0              0.5              0.0
	15               2                0                0.5              0.5              0.5
# Ni Mn In
[8, 4, 4]                \Ni-Mn-In\NiMn\Ni2MnIn_M_OM -91.36547702             aust                     [6.063024489239323, 6.0645610368630996, 6.058108046370911]
	0                0                0                0.25             0.25             0.25
	1                0                0                0.75             0.25             0.25
	2                0                0                0.25             0.75             0.25
	3                0                0                0.75             0.75             0.25
	4                0                0                0.25             0.25             0.75
	5                0                0                0.75             0.25             0.75
	6                0                0                0.25             0.75             0.75
	7                0                0                0.75             0.75             0.75
	8                1                1.0              0.0              0.0              0.0
	9                1                1.0              0.5              0.0              0.5
	10               1                1.0              0.0              0.5              0.5
	11               1                1.0              0.5              0.5              0.0
	12               2                0                0.0              0.0              0.5
	13               2                0                0.5              0.0              0.0
	14               2                0                0.0              0.5              0.0
	15               2                0                0.5              0.5              0.5
# Ni Mn In
[8, 4, 4]                \Ni-Mn-In\Ni2MnIn_pts\Mart_F_2 -90.55797751             aust                     [6.118568644581914, 6.095046149614465, 6.011484876073121]
	0                0                0                0.25             0.25             0.25
	1                0                0                0.25             0.25             0.75
	2                0                0                0.25             0.75             0.25
	3                0                0                0.25             0.75             0.75
	4                0                0                0.75             0.25             0.25
	5                0                0                0.75             0.25             0.75
	6                0                0                0.75             0.75             0.25
	7                0                0                0.75             0.75             0.75
	8                1                -1.0             0.0              0.0              0.0
	9                1                1.0              0.5              0.0              0.0
	10               1                -1.0             0.5              0.0              0.5
	11               1                1.0              0.5              0.5              0.5
	12               2                0                0.5              0.5              0.0
	13               2                0                0.0              0.5              0.5
	14               2                0                0.0              0.0              0.5
	15               2                0                0.0              0.5              0.0
# Ni Mn In
[8, 4, 4]                \Ni-Mn-In\Ni2MnIn_pts\Mart_D_3 -90.2034177              aust                     [6.052094772824608, 6.056448578585078, 6.15923926472453]
	0                0                0                0.25             0.25             0.25
	1                0                0                0.75             0.25             0.25
	2                0                0                0.25             0.75             0.25
	3                0                0                0.75             0.75             0.25
	4                0                0                0.25             0.25             0.75
	5                0                0                0.75             0.25             0.75
	6                0                0                0.25             0.75             0.75
	7                0                0                0.75             0.75             0.75
	8                1                -1.0             0.0              0.0              0.0
	9                1                1.0              0.0              0.0              0.5
	10               1                1.0              0.5              0.5              0.0
	11               1                -1.0             0.5              0.5              0.5
	12               2                0                0.5              0.0              0.5
	13               2                0                0.0              0.5              0.5
	14               2                0                0.5              0.0              0.0
	15               2                0                0.0              0.5              0.0
# Ni Mn In
[8, 4, 4]                \Ni-Mn-In\Ni2MnIn_pts\Mart_C_3 -89.64791551             aust                     [6.0969076986609485, 6.061223982062464, 6.007763532928273]
	0                0                0                0.25             0.25             0.25
	1                0                0                0.75             0.25             0.25
	2                0                0                0.25             0.25             0.75
	3                0                0                0.75             0.25             0.75
	4                0                0                0.25             0.75             0.25
	5                0                0                0.75             0.75             0.25
	6                0                0                0.25             0.75             0.75
	7                0                0                0.75             0.75             0.75
	8                1                0                0.0              0.5              0.0
	9                1                1.0              0.5              0.0              0.0
	10               1                1.0              0.0              0.0              0.5
	11               1                -1.0             0.0              0.5              0.5
	12               2                0                0.0              0.0              0.0
	13               2                0                0.5              0.5              0.0
	14               2                0                0.5              0.0              0.5
	15               2                0                0.5              0.5              0.5
# Ni Mn In
[8, 4, 4]                \Ni-Mn-In\Ni2MnIn_pts\Mart_C_2 -90.54580111             aust                     [6.120656519962308, 6.107093138652799, 6.0011603951209]
	0                0                0                0.25             0.25             0.25
	1                0                0                0.75             0.25             0.25
	2                0                0                0.25             0.25             0.75
	3                0                0                0.75             0.25             0.75
	4                0                0                0.25             0.75             0.25
	5                0                0                0.75             0.75             0.25
	6                0                0                0.25             0.75             0.75
	7                0                0                0.75             0.75             0.75
	8                1                -1.0             0.0              0.5              0.0
	9                1                1.0              0.5              0.0              0.0
	10               1                -1.0             0.0              0.0              0.5
	11               1                1.0              0.0              0.5              0.5
	12               2                0                0.0              0.0              0.0
	13               2                0                0.5              0.5              0.0
	14               2                0                0.5              0.0              0.5
	15               2                0                0.5              0.5              0.5
# Ni Mn In
[8, 4, 4]                \Ni-Mn-In\Ni2MnIn_pts\Mart_A_1 -91.03882004             aust                     [6.077562537907366, 6.070307309344917, 6.0543481927707745]
	0                0                0                0.25             0.25             0.25
	1                0                0                0.25             0.25             0.75
	2                0                0                0.25             0.75             0.25
	3                0                0                0.25             0.75             0.75
	4                0                0                0.75             0.25             0.25
	5                0                0                0.75             0.25             0.75
	6                0                0                0.75             0.75             0.25
	7                0                0                0.75             0.75             0.75
	8                1                -1.0             0.0              0.0              0.0
	9                1                -1.0             0.5              0.0              0.5
	10               1                1.0              0.5              0.5              0.0
	11               1                1.0              0.0              0.5              0.5
	12               2                0                0.5              0.0              0.0
	13               2                0                0.0              0.0              0.5
	14               2                0                0.0              0.5              0.0
	15               2                0                0.5              0.5              0.5
# Ni Mn In
[8, 4, 4]                \Ni-Mn-In\Ni2MnIn_pts\Aust_F_2 -90.57369077             aust                     [6.109032868428177, 6.109121122362568, 6.011058690295349]
	0                0                0                0.25             0.25             0.25
	1                0                0                0.25             0.25             0.75
	2                0                0                0.25             0.75             0.25
	3                0                0                0.25             0.75             0.75
	4                0                0                0.75             0.25             0.25
	5                0                0                0.75             0.25             0.75
	6                0                0                0.75             0.75             0.25
	7                0                0                0.75             0.75             0.75
	8                1                -1.0             0.0              0.0              0.0
	9                1                1.0              0.5              0.0              0.0
	10               1                -1.0             0.5              0.0              0.5
	11               1                1.0              0.5              0.5              0.5
	12               2                0                0.5              0.5              0.0
	13               2                0                0.0              0.5              0.5
	14               2                0                0.0              0.0              0.5
	15               2                0                0.0              0.5              0.0
# Ni Mn In
[8, 4, 4]                \Ni-Mn-In\Ni2MnIn_pts\Aust_D_3 -90.22194911             aust                     [6.065592123639237, 6.065592123639237, 6.1463107868926965]
	0                0                0                0.25             0.25             0.25
	1                0                0                0.75             0.25             0.25
	2                0                0                0.25             0.75             0.25
	3                0                0                0.75             0.75             0.25
	4                0                0                0.25             0.25             0.75
	5                0                0                0.75             0.25             0.75
	6                0                0                0.25             0.75             0.75
	7                0                0                0.75             0.75             0.75
	8                1                -1.0             0.0              0.0              0.0
	9                1                1.0              0.0              0.0              0.5
	10               1                1.0              0.5              0.5              0.0
	11               1                -1.0             0.5              0.5              0.5
	12               2                0                0.5              0.0              0.5
	13               2                0                0.0              0.5              0.5
	14               2                0                0.5              0.0              0.0
	15               2                0                0.0              0.5              0.0
# Ni Mn In
[8, 4, 4]                \Ni-Mn-In\Ni2MnIn_pts\Aust_D_2 -90.47912529             aust                     [6.097269714927665, 6.097269714927665, 6.070723980078303]
	0                0                0                0.25             0.25             0.25
	1                0                0                0.75             0.25             0.25
	2                0                0                0.25             0.75             0.25
	3                0                0                0.75             0.75             0.25
	4                0                0                0.25             0.25             0.75
	5                0                0                0.75             0.25             0.75
	6                0                0                0.25             0.75             0.75
	7                0                0                0.75             0.75             0.75
	8                1                -1.0             0.0              0.0              0.0
	9                1                1.0              0.0              0.0              0.5
	10               1                -1.0             0.5              0.5              0.0
	11               1                1.0              0.5              0.5              0.5
	12               2                0                0.5              0.0              0.5
	13               2                0                0.0              0.5              0.5
	14               2                0                0.5              0.0              0.0
	15               2                0                0.0              0.5              0.0
# Ni Mn In
[8, 4, 4]                \Ni-Mn-In\Ni2MnIn_pts\Aust_C_2 -90.56277257             aust                     [6.0392393200540315, 6.0392393200540315, 6.155482698831824]
	0                0                0                0.25             0.25             0.25
	1                0                0                0.25             0.25             0.75
	2                0                0                0.25             0.75             0.25
	3                0                0                0.25             0.75             0.75
	4                0                0                0.75             0.25             0.25
	5                0                0                0.75             0.25             0.75
	6                0                0                0.75             0.75             0.25
	7                0                0                0.75             0.75             0.75
	8                1                -1.0             0.5              0.0              0.0
	9                1                1.0              0.0              0.0              0.5
	10               1                -1.0             0.0              0.5              0.0
	11               1                1.0              0.5              0.5              0.0
	12               2                0                0.0              0.0              0.0
	13               2                0                0.5              0.0              0.5
	14               2                0                0.0              0.5              0.5
	15               2                0                0.5              0.5              0.5
# Ni Mn In
[8, 5, 3]                \New_NiMnIn\853_A\B_0\run -97.15457268             aust                     [6.0201479332698655, 6.016333061697627, 6.011792055188985]
	0                0                0                0.25             0.25             0.25
	1                0                0                0.75             0.25             0.25
	2                0                0                0.25             0.25             0.75
	3                0                0                0.75             0.25             0.75
	4                0                0                0.25             0.75             0.25
	5                0                0                0.75             0.75             0.25
	6                0                0                0.25             0.75             0.75
	7                0                0                0.75             0.75             0.75
	8                1                1.0              -0.0             0.0              -0.0
	9                1                1.0              0.5              0.0              -0.0
	10               1                1.0              0.5              0.0              0.5
	11               1                1.0              -0.0             0.0              0.5
	12               1                1.0              0.5              0.5              0.5
	13               2                0                -0.0             0.5              -0.0
	14               2                0                0.5              0.5              -0.0
	15               2                0                -0.0             0.5              0.5
# Ni Mn In
[8, 5, 3]                \New_NiMnIn\853_A\C_9\run -97.09630244             aust                     [6.007074220420906, 6.008442018559337, 6.004575936253377]
	0                0                0                0.25             0.25             0.25
	1                0                0                0.75             0.25             0.25
	2                0                0                0.25             0.75             0.25
	3                0                0                0.75             0.75             0.25
	4                0                0                0.25             0.25             0.75
	5                0                0                0.75             0.25             0.75
	6                0                0                0.25             0.75             0.75
	7                0                0                0.75             0.75             0.75
	8                1                1.0              0.0              -0.0             0.0
	9                1                1.0              0.5              0.5              0.0
	10               1                -1.0             0.0              0.5              0.0
	11               1                -1.0             0.5              -0.0             0.5
	12               1                1.0              0.0              0.5              0.5
	13               2                0                0.5              -0.0             0.0
	14               2                0                0.0              -0.0             0.5
	15               2                0                0.5              0.5              0.5
# Ni Mn In
[27, 14, 13]             A_base\run               -309.90845003            aust                     [9.083684814941538, 9.076463501242054, 9.155229691651199]
	0                0                0                0.16666          0.16666          0.16666
	1                0                0                0.5              0.16666          0.16666
	2                0                1.0              0.83333          0.16666          0.16666
	3                0                0                0.16666          0.5              0.16666
	4                0                0                0.5              0.5              0.16666
	5                0                0                0.83333          0.5              0.16666
	6                0                0                0.16666          0.83333          0.16666
	7                0                0                0.5              0.83333          0.16666
	8                0                0                0.83333          0.83333          0.16666
	9                0                0                0.16666          0.16666          0.5
	10               0                0                0.5              0.16666          0.5
	11               0                1.0              0.83333          0.16666          0.5
	12               0                0                0.16666          0.5              0.5
	13               0                0                0.5              0.5              0.5
	14               0                0                0.83333          0.5              0.5
	15               0                0                0.16666          0.83333          0.5
	16               0                0                0.5              0.83333          0.5
	17               0                0                0.83333          0.83333          0.5
	18               0                0                0.16666          0.16666          0.83333
	19               0                0                0.5              0.16666          0.83333
	20               0                0                0.83333          0.16666          0.83333
	21               0                0                0.16666          0.5              0.83333
	22               0                0                0.5              0.5              0.83333
	23               0                0                0.83333          0.5              0.83333
	24               0                0                0.16666          0.83333          0.83333
	25               0                0                0.5              0.83333          0.83333
	26               0                0                0.83333          0.83333          0.83333
	27               1                1.0              0.00000          0.00000          0.00000
	28               1                1.0              0.66666          0.00000          0.00000
	29               1                1.0              0.66666          0.33333          0.00000
	30               1                1.0              0.00000          0.66666          0.00000
	31               1                1.0              0.00000          0.00000          0.33333
	32               1                1.0              0.66666          0.00000          0.33333
	33               1                1.0              0.00000          0.33333          0.33333
	34               1                1.0              0.66666          0.33333          0.33333
	35               1                1.0              0.33333          0.66666          0.33333
	36               1                1.0              0.00000          0.00000          0.66666
	37               1                1.0              0.33333          0.00000          0.66666
	38               1                1.0              0.00000          0.33333          0.66666
	39               1                1.0              0.66666          0.33333          0.66666
	40               1                1.0              0.00000          0.66666          0.66666
	41               2                0                0.33333          0.33333          0.00000
	42               2                0                0.66666          0.66666          0.33333
	43               2                0                0.66666          0.00000          0.66666
	44               2                0                0.33333          0.00000          0.33333
	45               2                0                0.33333          0.00000          0.00000
	46               2                0                0.33333          0.66666          0.66666
	47               2                0                0.33333          0.66666          0.00000
	48               2                0                0.33333          0.33333          0.33333
	49               2                0                0.33333          0.33333          0.66666
	50               2                0                0.00000          0.33333          0.00000
	51               2                0                0.00000          0.66666          0.33333
	52               2                0                0.66666          0.66666          0.66666
	53               2                0                0.66666          0.66666          0.00000
# Ni Mn In
[27, 14, 13]             A_0\run                  -309.85924358            aust                     [9.127517503290571, 9.107234323289553, 9.078278228742551]
	0                0                0                0.16666          0.16666          0.16666
	1                0                0                0.5              0.16666          0.16666
	2                0                0                0.83333          0.16666          0.16666
	3                0                0                0.16666          0.5              0.16666
	4                0                0                0.5              0.5              0.16666
	5                0                0                0.83333          0.5              0.16666
	6                0                0                0.16666          0.83333          0.16666
	7                0                0                0.5              0.83333          0.16666
	8                0                0                0.83333          0.83333          0.16666
	9                0                0                0.16666          0.16666          0.5
	10               0                0                0.5              0.16666          0.5
	11               0                0                0.83333          0.16666          0.5
	12               0                0                0.16666          0.5              0.5
	13               0                0                0.5              0.5              0.5
	14               0                0                0.83333          0.5              0.5
	15               0                0                0.16666          0.83333          0.5
	16               0                0                0.5              0.83333          0.5
	17               0                0                0.83333          0.83333          0.5
	18               0                0                0.16666          0.16666          0.83333
	19               0                0                0.5              0.16666          0.83333
	20               0                0                0.83333          0.16666          0.83333
	21               0                0                0.16666          0.5              0.83333
	22               0                0                0.5              0.5              0.83333
	23               0                0                0.83333          0.5              0.83333
	24               0                0                0.16666          0.83333          0.83333
	25               0                0                0.5              0.83333          0.83333
	26               0                0                0.83333          0.83333          0.83333
	27               1                1.0              0.00000          0.00000          0.00000
	28               1                1.0              0.66666          0.00000          0.00000
	29               1                1.0              0.66666          0.33333          0.00000
	30               1                1.0              0.00000          0.66666          0.00000
	31               1                1.0              0.00000          0.00000          0.33333
	32               1                1.0              0.66666          0.00000          0.33333
	33               1                1.0              0.00000          0.33333          0.33333
	34               1                -1.0             0.66666          0.33333          0.33333
	35               1                1.0              0.33333          0.66666          0.33333
	36               1                1.0              0.00000          0.00000          0.66666
	37               1                1.0              0.33333          0.00000          0.66666
	38               1                1.0              0.00000          0.33333          0.66666
	39               1                1.0              0.66666          0.33333          0.66666
	40               1                1.0              0.00000          0.66666          0.66666
	41               2                0                0.33333          0.33333          0.00000
	42               2                0                0.66666          0.66666          0.33333
	43               2                0                0.66666          0.00000          0.66666
	44               2                0                0.33333          0.00000          0.33333
	45               2                0                0.33333          0.00000          0.00000
	46               2                0                0.33333          0.66666          0.66666
	47               2                0                0.33333          0.66666          0.00000
	48               2                0                0.33333          0.33333          0.33333
	49               2                0                0.33333          0.33333          0.66666
	50               2                0                0.00000          0.33333          0.00000
	51               2                0                0.00000          0.66666          0.33333
	52               2                0                0.66666          0.66666          0.66666
	53               2                0                0.66666          0.66666          0.00000
# Ni Mn In
[27, 14, 13]             A_1\run                  -309.68390104            aust                     [9.172127594969435, 9.134732119852146, 9.014458556128462]
	0                0                0                0.16666          0.16666          0.16666
	1                0                0                0.5              0.16666          0.16666
	2                0                0                0.83333          0.16666          0.16666
	3                0                0                0.16666          0.5              0.16666
	4                0                0                0.5              0.5              0.16666
	5                0                0                0.83333          0.5              0.16666
	6                0                0                0.16666          0.83333          0.16666
	7                0                0                0.5              0.83333          0.16666
	8                0                0                0.83333          0.83333          0.16666
	9                0                0                0.16666          0.16666          0.5
	10               0                0                0.5              0.16666          0.5
	11               0                1.0              0.83333          0.16666          0.5
	12               0                0                0.16666          0.5              0.5
	13               0                0                0.5              0.5              0.5
	14               0                0                0.83333          0.5              0.5
	15               0                0                0.16666          0.83333          0.5
	16               0                0                0.5              0.83333          0.5
	17               0                0                0.83333          0.83333          0.5
	18               0                0                0.16666          0.16666          0.83333
	19               0                0                0.5              0.16666          0.83333
	20               0                0                0.83333          0.16666          0.83333
	21               0                0                0.16666          0.5              0.83333
	22               0                0                0.5              0.5              0.83333
	23               0                0                0.83333          0.5              0.83333
	24               0                0                0.16666          0.83333          0.83333
	25               0                0                0.5              0.83333          0.83333
	26               0                0                0.83333          0.83333          0.83333
	27               1                -1.0             0.00000          0.00000          0.00000
	28               1                -1.0             0.66666          0.00000          0.00000
	29               1                1.0              0.66666          0.33333          0.00000
	30               1                1.0              0.00000          0.66666          0.00000
	31               1                1.0              0.00000          0.00000          0.33333
	32               1                1.0              0.66666          0.00000          0.33333
	33               1                1.0              0.00000          0.33333          0.33333
	34               1                1.0              0.66666          0.33333          0.33333
	35               1                1.0              0.33333          0.66666          0.33333
	36               1                1.0              0.00000          0.00000          0.66666
	37               1                1.0              0.33333          0.00000          0.66666
	38               1                1.0              0.00000          0.33333          0.66666
	39               1                1.0              0.66666          0.33333          0.66666
	40               1                1.0              0.00000          0.66666          0.66666
	41               2                0                0.33333          0.33333          0.00000
	42               2                0                0.66666          0.66666          0.33333
	43               2                0                0.66666          0.00000          0.66666
	44               2                0                0.33333          0.00000          0.33333
	45               2                0                0.33333          0.00000          0.00000
	46               2                0                0.33333          0.66666          0.66666
	47               2                0                0.33333          0.66666          0.00000
	48               2                0                0.33333          0.33333          0.33333
	49               2                0                0.33333          0.33333          0.66666
	50               2                0                0.00000          0.33333          0.00000
	51               2                0                0.00000          0.66666          0.33333
	52               2                0                0.66666          0.66666          0.66666
	53               2                0                0.66666          0.66666          0.00000
# Ni Mn In
[27, 14, 13]             A_2\run                  -309.68714992            aust                     [9.07170038374475, 9.083364125666455, 9.154827030281382]
	0                0                0                0.16666          0.16666          0.16666
	1                0                0                0.5              0.16666          0.16666
	2                0                0                0.83333          0.16666          0.16666
	3                0                0                0.16666          0.5              0.16666
	4                0                0                0.5              0.5              0.16666
	5                0                0                0.83333          0.5              0.16666
	6                0                0                0.16666          0.83333          0.16666
	7                0                0                0.5              0.83333          0.16666
	8                0                0                0.83333          0.83333          0.16666
	9                0                0                0.16666          0.16666          0.5
	10               0                0                0.5              0.16666          0.5
	11               0                1.0              0.83333          0.16666          0.5
	12               0                0                0.16666          0.5              0.5
	13               0                0                0.5              0.5              0.5
	14               0                0                0.83333          0.5              0.5
	15               0                0                0.16666          0.83333          0.5
	16               0                0                0.5              0.83333          0.5
	17               0                0                0.83333          0.83333          0.5
	18               0                0                0.16666          0.16666          0.83333
	19               0                0                0.5              0.16666          0.83333
	20               0                0                0.83333          0.16666          0.83333
	21               0                0                0.16666          0.5              0.83333
	22               0                0                0.5              0.5              0.83333
	23               0                0                0.83333          0.5              0.83333
	24               0                0                0.16666          0.83333          0.83333
	25               0                0                0.5              0.83333          0.83333
	26               0                0                0.83333          0.83333          0.83333
	27               1                1.0              0.00000          0.00000          0.00000
	28               1                -1.0             0.66666          0.00000          0.00000
	29               1                -1.0             0.66666          0.33333          0.00000
	30               1                1.0              0.00000          0.66666          0.00000
	31               1                1.0              0.00000          0.00000          0.33333
	32               1                1.0              0.66666          0.00000          0.33333
	33               1                1.0              0.00000          0.33333          0.33333
	34               1                1.0              0.66666          0.33333          0.33333
	35               1                -1.0             0.33333          0.66666          0.33333
	36               1                1.0              0.00000          0.00000          0.66666
	37               1                1.0              0.33333          0.00000          0.66666
	38               1                1.0              0.00000          0.33333          0.66666
	39               1                1.0              0.66666          0.33333          0.66666
	40               1                1.0              0.00000          0.66666          0.66666
	41               2                0                0.33333          0.33333          0.00000
	42               2                0                0.66666          0.66666          0.33333
	43               2                0                0.66666          0.00000          0.66666
	44               2                0                0.33333          0.00000          0.33333
	45               2                0                0.33333          0.00000          0.00000
	46               2                0                0.33333          0.66666          0.66666
	47               2                0                0.33333          0.66666          0.00000
	48               2                0                0.33333          0.33333          0.33333
	49               2                0                0.33333          0.33333          0.66666
	50               2                0                0.00000          0.33333          0.00000
	51               2                0                0.00000          0.66666          0.33333
	52               2                0                0.66666          0.66666          0.66666
	53               2                0                0.66666          0.66666          0.00000
# Ni Mn In
[27, 14, 13]             A_3\run                  -309.54201536            aust                     [9.069003708446113, 9.087621960840913, 9.15912437319711]
	0                0                0                0.16666          0.16666          0.16666
	1                0                0                0.5              0.16666          0.16666
	2                0                0                0.83333          0.16666          0.16666
	3                0                0                0.16666          0.5              0.16666
	4                0                0                0.5              0.5              0.16666
	5                0                0                0.83333          0.5              0.16666
	6                0                0                0.16666          0.83333          0.16666
	7                0                0                0.5              0.83333          0.16666
	8                0                0                0.83333          0.83333          0.16666
	9                0                0                0.16666          0.16666          0.5
	10               0                0                0.5              0.16666          0.5
	11               0                0                0.83333          0.16666          0.5
	12               0                0                0.16666          0.5              0.5
	13               0                0                0.5              0.5              0.5
	14               0                0                0.83333          0.5              0.5
	15               0                0                0.16666          0.83333          0.5
	16               0                0                0.5              0.83333          0.5
	17               0                0                0.83333          0.83333          0.5
	18               0                0                0.16666          0.16666          0.83333
	19               0                0                0.5              0.16666          0.83333
	20               0                0                0.83333          0.16666          0.83333
	21               0                0                0.16666          0.5              0.83333
	22               0                0                0.5              0.5              0.83333
	23               0                0                0.83333          0.5              0.83333
	24               0                0                0.16666          0.83333          0.83333
	25               0                0                0.5              0.83333          0.83333
	26               0                0                0.83333          0.83333          0.83333
	27               1                1.0              0.00000          0.00000          0.00000
	28               1                1.0              0.66666          0.00000          0.00000
	29               1                -1.0             0.66666          0.33333          0.00000
	30               1                -1.0             0.00000          0.66666          0.00000
	31               1                1.0              0.00000          0.00000          0.33333
	32               1                1.0              0.66666          0.00000          0.33333
	33               1                1.0              0.00000          0.33333          0.33333
	34               1                1.0              0.66666          0.33333          0.33333
	35               1                1.0              0.33333          0.66666          0.33333
	36               1                -1.0             0.00000          0.00000          0.66666
	37               1                1.0              0.33333          0.00000          0.66666
	38               1                1.0              0.00000          0.33333          0.66666
	39               1                1.0              0.66666          0.33333          0.66666
	40               1                -1.0             0.00000          0.66666          0.66666
	41               2                0                0.33333          0.33333          0.00000
	42               2                0                0.66666          0.66666          0.33333
	43               2                0                0.66666          0.00000          0.66666
	44               2                0                0.33333          0.00000          0.33333
	45               2                0                0.33333          0.00000          0.00000
	46               2                0                0.33333          0.66666          0.66666
	47               2                0                0.33333          0.66666          0.00000
	48               2                0                0.33333          0.33333          0.33333
	49               2                0                0.33333          0.33333          0.66666
	50               2                0                0.00000          0.33333          0.00000
	51               2                0                0.00000          0.66666          0.33333
	52               2                0                0.66666          0.66666          0.66666
	53               2                0                0.66666          0.66666          0.00000
# Ni Mn In
[27, 14, 13]             A_5\run                  -309.61887021            aust                     [9.130527928777244, 9.136717965617965, 9.041071979703561]
	0                0                0                0.16666          0.16666          0.16666
	1                0                0                0.5              0.16666          0.16666
	2                0                0                0.83333          0.16666          0.16666
	3                0                0                0.16666          0.5              0.16666
	4                0                0                0.5              0.5              0.16666
	5                0                0                0.83333          0.5              0.16666
	6                0                0                0.16666          0.83333          0.16666
	7                0                0                0.5              0.83333          0.16666
	8                0                0                0.83333          0.83333          0.16666
	9                0                0                0.16666          0.16666          0.5
	10               0                0                0.5              0.16666          0.5
	11               0                0                0.83333          0.16666          0.5
	12               0                0                0.16666          0.5              0.5
	13               0                0                0.5              0.5              0.5
	14               0                0                0.83333          0.5              0.5
	15               0                0                0.16666          0.83333          0.5
	16               0                0                0.5              0.83333          0.5
	17               0                0                0.83333          0.83333          0.5
	18               0                0                0.16666          0.16666          0.83333
	19               0                0                0.5              0.16666          0.83333
	20               0                0                0.83333          0.16666          0.83333
	21               0                0                0.16666          0.5              0.83333
	22               0                0                0.5              0.5              0.83333
	23               0                0                0.83333          0.5              0.83333
	24               0                0                0.16666          0.83333          0.83333
	25               0                0                0.5              0.83333          0.83333
	26               0                0                0.83333          0.83333          0.83333
	27               1                1.0              0.00000          0.00000          0.00000
	28               1                -1.0             0.66666          0.00000          0.00000
	29               1                1.0              0.66666          0.33333          0.00000
	30               1                1.0              0.00000          0.66666          0.00000
	31               1                1.0              0.00000          0.00000          0.33333
	32               1                1.0              0.66666          0.00000          0.33333
	33               1                1.0              0.00000          0.33333          0.33333
	34               1                1.0              0.66666          0.33333          0.33333
	35               1                -1.0             0.33333          0.66666          0.33333
	36               1                1.0              0.00000          0.00000          0.66666
	37               1                -1.0             0.33333          0.00000          0.66666
	38               1                1.0              0.00000          0.33333          0.66666
	39               1                -1.0             0.66666          0.33333          0.66666
	40               1                1.0              0.00000          0.66666          0.66666
	41               2                0                0.33333          0.33333          0.00000
	42               2                0                0.66666          0.66666          0.33333
	43               2                0                0.66666          0.00000          0.66666
	44               2                0                0.33333          0.00000          0.33333
	45               2                0                0.33333          0.00000          0.00000
	46               2                0                0.33333          0.66666          0.66666
	47               2                0                0.33333          0.66666          0.00000
	48               2                0                0.33333          0.33333          0.33333
	49               2                0                0.33333          0.33333          0.66666
	50               2                0                0.00000          0.33333          0.00000
	51               2                0                0.00000          0.66666          0.33333
	52               2                0                0.66666          0.66666          0.66666
	53               2                0                0.66666          0.66666          0.00000
# Ni Mn In
[27, 14, 13]             B_base\run               -309.99592611            aust                     [9.11769259122403, 9.10756680348734, 9.095670764466524]
	0                0                1.0              0.16666          0.16666          0.16666
	1                0                0                0.16666          0.16666          0.5
	2                0                1.0              0.16666          0.16666          0.83333
	3                0                0                0.16666          0.5              0.16666
	4                0                0                0.16666          0.5              0.5
	5                0                0                0.16666          0.5              0.83333
	6                0                0                0.16666          0.83333          0.16666
	7                0                0                0.16666          0.83333          0.5
	8                0                1.0              0.16666          0.83333          0.83333
	9                0                0                0.5              0.16666          0.16666
	10               0                0                0.5              0.16666          0.5
	11               0                1.0              0.5              0.16666          0.83333
	12               0                0                0.5              0.5              0.16666
	13               0                0                0.5              0.5              0.5
	14               0                0                0.5              0.5              0.83333
	15               0                0                0.5              0.83333          0.16666
	16               0                0                0.5              0.83333          0.5
	17               0                0                0.5              0.83333          0.83333
	18               0                0                0.83333          0.16666          0.16666
	19               0                0                0.83333          0.16666          0.5
	20               0                0                0.83333          0.16666          0.83333
	21               0                0                0.83333          0.5              0.16666
	22               0                0                0.83333          0.5              0.5
	23               0                0                0.83333          0.5              0.83333
	24               0                0                0.83333          0.83333          0.16666
	25               0                0                0.83333          0.83333          0.5
	26               0                0                0.83333          0.83333          0.83333
	27               1                1.0              0.00000          0.00000          0.00000
	28               1                1.0              0.00000          0.00000          0.66666
	29               1                1.0              0.00000          0.66666          0.00000
	30               1                1.0              0.00000          0.00000          0.33333
	31               1                1.0              0.66666          0.00000          0.66666
	32               1                1.0              0.33333          0.66666          0.00000
	33               1                1.0              0.33333          0.00000          0.00000
	34               1                1.0              0.66666          0.66666          0.66666
	35               1                1.0              0.33333          0.33333          0.66666
	36               1                1.0              0.33333          0.33333          0.33333
	37               1                1.0              0.66666          0.33333          0.00000
	38               1                1.0              0.00000          0.33333          0.00000
	39               1                1.0              0.33333          0.00000          0.66666
	40               1                1.0              0.33333          0.33333          0.00000
	41               2                0                0.66666          0.66666          0.00000
	42               2                0                0.33333          0.66666          0.33333
	43               2                0                0.66666          0.66666          0.33333
	44               2                0                0.66666          0.00000          0.33333
	45               2                0                0.66666          0.33333          0.33333
	46               2                0                0.00000          0.33333          0.33333
	47               2                0                0.33333          0.66666          0.66666
	48               2                0                0.33333          0.00000          0.33333
	49               2                0                0.00000          0.66666          0.33333
	50               2                0                0.00000          0.66666          0.66666
	51               2                0                0.66666          0.33333          0.66666
	52               2                0                0.00000          0.33333          0.66666
	53               2                0                0.66666          0.00000          0.00000
# Ni Mn In
[27, 14, 13]             B_0\run                  -309.90784205            aust                     [9.116263719369515, 9.1437364953271, 9.065064221508315]
	0                0                1.0              0.16666          0.16666          0.16666
	1                0                0                0.16666          0.16666          0.5
	2                0                1.0              0.16666          0.16666          0.83333
	3                0                0                0.16666          0.5              0.16666
	4                0                0                0.16666          0.5              0.5
	5                0                0                0.16666          0.5              0.83333
	6                0                0                0.16666          0.83333          0.16666
	7                0                0                0.16666          0.83333          0.5
	8                0                0                0.16666          0.83333          0.83333
	9                0                0                0.5              0.16666          0.16666
	10               0                0                0.5              0.16666          0.5
	11               0                0                0.5              0.16666          0.83333
	12               0                0                0.5              0.5              0.16666
	13               0                0                0.5              0.5              0.5
	14               0                0                0.5              0.5              0.83333
	15               0                0                0.5              0.83333          0.16666
	16               0                0                0.5              0.83333          0.5
	17               0                0                0.5              0.83333          0.83333
	18               0                0                0.83333          0.16666          0.16666
	19               0                0                0.83333          0.16666          0.5
	20               0                0                0.83333          0.16666          0.83333
	21               0                0                0.83333          0.5              0.16666
	22               0                0                0.83333          0.5              0.5
	23               0                0                0.83333          0.5              0.83333
	24               0                0                0.83333          0.83333          0.16666
	25               0                0                0.83333          0.83333          0.5
	26               0                0                0.83333          0.83333          0.83333
	27               1                1.0              0.00000          0.00000          0.00000
	28               1                1.0              0.00000          0.00000          0.66666
	29               1                1.0              0.00000          0.66666          0.00000
	30               1                1.0              0.00000          0.00000          0.33333
	31               1                1.0              0.66666          0.00000          0.66666
	32               1                1.0              0.33333          0.66666          0.00000
	33               1                1.0              0.33333          0.00000          0.00000
	34               1                -1.0             0.66666          0.66666          0.66666
	35               1                1.0              0.33333          0.33333          0.66666
	36               1                1.0              0.33333          0.33333          0.33333
	37               1                1.0              0.66666          0.33333          0.00000
	38               1                1.0              0.00000          0.33333          0.00000
	39               1                1.0              0.33333          0.00000          0.66666
	40               1                1.0              0.33333          0.33333          0.00000
	41               2                0                0.66666          0.66666          0.00000
	42               2                0                0.33333          0.66666          0.33333
	43               2                0                0.66666          0.66666          0.33333
	44               2                0                0.66666          0.00000          0.33333
	45               2                0                0.66666          0.33333          0.33333
	46               2                0                0.00000          0.33333          0.33333
	47               2                0                0.33333          0.66666          0.66666
	48               2                0                0.33333          0.00000          0.33333
	49               2                0                0.00000          0.66666          0.33333
	50               2                0                0.00000          0.66666          0.66666
	51               2                0                0.66666          0.33333          0.66666
	52               2                0                0.00000          0.33333          0.66666
	53               2                0                0.66666          0.00000          0.00000
# Ni Mn In
[27, 14, 13]             B_1\run                  -309.76689296            aust                     [9.129219009503615, 9.113434925252916, 9.076256249517659]
	0                0                1.0              0.16666          0.16666          0.16666
	1                0                0                0.16666          0.16666          0.5
	2                0                1.0              0.16666          0.16666          0.83333
	3                0                0                0.16666          0.5              0.16666
	4                0                0                0.16666          0.5              0.5
	5                0                0                0.16666          0.5              0.83333
	6                0                0                0.16666          0.83333          0.16666
	7                0                0                0.16666          0.83333          0.5
	8                0                0                0.16666          0.83333          0.83333
	9                0                0                0.5              0.16666          0.16666
	10               0                0                0.5              0.16666          0.5
	11               0                0                0.5              0.16666          0.83333
	12               0                0                0.5              0.5              0.16666
	13               0                0                0.5              0.5              0.5
	14               0                0                0.5              0.5              0.83333
	15               0                0                0.5              0.83333          0.16666
	16               0                0                0.5              0.83333          0.5
	17               0                0                0.5              0.83333          0.83333
	18               0                0                0.83333          0.16666          0.16666
	19               0                0                0.83333          0.16666          0.5
	20               0                0                0.83333          0.16666          0.83333
	21               0                0                0.83333          0.5              0.16666
	22               0                0                0.83333          0.5              0.5
	23               0                0                0.83333          0.5              0.83333
	24               0                0                0.83333          0.83333          0.16666
	25               0                0                0.83333          0.83333          0.5
	26               0                0                0.83333          0.83333          0.83333
	27               1                1.0              0.00000          0.00000          0.00000
	28               1                1.0              0.00000          0.00000          0.66666
	29               1                1.0              0.00000          0.66666          0.00000
	30               1                1.0              0.00000          0.00000          0.33333
	31               1                1.0              0.66666          0.00000          0.66666
	32               1                1.0              0.33333          0.66666          0.00000
	33               1                1.0              0.33333          0.00000          0.00000
	34               1                -1.0             0.66666          0.66666          0.66666
	35               1                1.0              0.33333          0.33333          0.66666
	36               1                1.0              0.33333          0.33333          0.33333
	37               1                -1.0             0.66666          0.33333          0.00000
	38               1                1.0              0.00000          0.33333          0.00000
	39               1                1.0              0.33333          0.00000          0.66666
	40               1                1.0              0.33333          0.33333          0.00000
	41               2                0                0.66666          0.66666          0.00000
	42               2                0                0.33333          0.66666          0.33333
	43               2                0                0.66666          0.66666          0.33333
	44               2                0                0.66666          0.00000          0.33333
	45               2                0                0.66666          0.33333          0.33333
	46               2                0                0.00000          0.33333          0.33333
	47               2                0                0.33333          0.66666          0.66666
	48               2                0                0.33333          0.00000          0.33333
	49               2                0                0.00000          0.66666          0.33333
	50               2                0                0.00000          0.66666          0.66666
	51               2                0                0.66666          0.33333          0.66666
	52               2                0                0.00000          0.33333          0.66666
	53               2                0                0.66666          0.00000          0.00000
# Ni Mn In
[27, 14, 13]             B_2\run                  -309.66483706            aust                     [9.068030609054263, 9.086172040547309, 9.15993164314772]
	0                0                0                0.16666          0.16666          0.16666
	1                0                0                0.16666          0.16666          0.5
	2                0                0                0.16666          0.16666          0.83333
	3                0                0                0.16666          0.5              0.16666
	4                0                0                0.16666          0.5              0.5
	5                0                0                0.16666          0.5              0.83333
	6                0                0                0.16666          0.83333          0.16666
	7                0                0                0.16666          0.83333          0.5
	8                0                0                0.16666          0.83333          0.83333
	9                0                0                0.5              0.16666          0.16666
	10               0                0                0.5              0.16666          0.5
	11               0                0                0.5              0.16666          0.83333
	12               0                0                0.5              0.5              0.16666
	13               0                0                0.5              0.5              0.5
	14               0                0                0.5              0.5              0.83333
	15               0                0                0.5              0.83333          0.16666
	16               0                0                0.5              0.83333          0.5
	17               0                0                0.5              0.83333          0.83333
	18               0                0                0.83333          0.16666          0.16666
	19               0                0                0.83333          0.16666          0.5
	20               0                0                0.83333          0.16666          0.83333
	21               0                0                0.83333          0.5              0.16666
	22               0                0                0.83333          0.5              0.5
	23               0                0                0.83333          0.5              0.83333
	24               0                0                0.83333          0.83333          0.16666
	25               0                0                0.83333          0.83333          0.5
	26               0                0                0.83333          0.83333          0.83333
	27               1                1.0              0.00000          0.00000          0.00000
	28               1                -1.0             0.00000          0.00000          0.66666
	29               1                1.0              0.00000          0.66666          0.00000
	30               1                1.0              0.00000          0.00000          0.33333
	31               1                1.0              0.66666          0.00000          0.66666
	32               1                1.0              0.33333          0.66666          0.00000
	33               1                1.0              0.33333          0.00000          0.00000
	34               1                -1.0             0.66666          0.66666          0.66666
	35               1                1.0              0.33333          0.33333          0.66666
	36               1                1.0              0.33333          0.33333          0.33333
	37               1                1.0              0.66666          0.33333          0.00000
	38               1                1.0              0.00000          0.33333          0.00000
	39               1                1.0              0.33333          0.00000          0.66666
	40               1                -1.0             0.33333          0.33333          0.00000
	41               2                0                0.66666          0.66666          0.00000
	42               2                0                0.33333          0.66666          0.33333
	43               2                0                0.66666          0.66666          0.33333
	44               2                0                0.66666          0.00000          0.33333
	45               2                0                0.66666          0.33333          0.33333
	46               2                0                0.00000          0.33333          0.33333
	47               2                0                0.33333          0.66666          0.66666
	48               2                0                0.33333          0.00000          0.33333
	49               2                0                0.00000          0.66666          0.33333
	50               2                0                0.00000          0.66666          0.66666
	51               2                0                0.66666          0.33333          0.66666
	52               2                0                0.00000          0.33333          0.66666
	53               2                0                0.66666          0.00000          0.00000
